0.2456 -0.2656 -0.2056 -0.1964 0.2668 -0.2548 0.2296 0.3232 -0.1972 -0.2752 -0.2184 -0.206 0.2688 0.3232 -0.2768 -0.2204 -0.2384 0.2464 0.2556 0.2972 -0.2184 -0.2124 -0.2768 0.27 0.3164 0.2576 0.2124 -0.2252 0.26 -0.2424 -0.2724 0.2592 -0.2604 -0.2332 -0.23 0.264 -0.2384 -0.204 -0.2588 -0.2736 -0.2588 -0.214 -0.2056 0.2284 0.2872 -0.262 -0.264 -0.2704 -0.2648 0.3312
0.0296 -0.0784 -0.0232 -0.0244 0.0976 -0.0132 0.024 0.1276 -0.1008 -0.0576 -0.0508 -0.0144 0.1048 0.1168 -0.0448 -0.022 0.0368 0.1264 0.054 0.044 -0.0428 -0.0832 -0.0508 0.1036 0.1336 0.1032 0.1928 0.0224 0.1072 0.014 -0.0012 0.1956 -0.0564 -0.0532 -0.052 0.1432 -0.04 0.0104 -0.0592 -0.052 -0.0704 -0.0456 -0.012 0.182 0.0904 -0.0908 -0.0292 0.0344 -0.048 0.0952
-0.713583 -0.135413 -0.712005 -0.837232 -0.574615 -0.159529 -0.847863 -0.262283 -0.960023 0.006948 -0.584629 -0.702503 -0.563869 -0.257479 0.0445862 -0.533585 -0.348652 -0.723192 -0.641681 -0.378031 -0.574587 -0.713332 0.0354999 -0.555843 -0.300882 -0.63741 -1.03324 -0.479853 -0.622273 -0.290075 0.02922 -0.666993 -0.145443 -0.424396 -0.457142 -0.608872 -0.352071 -0.726939 -0.166714 -0.000423225 -0.187759 -0.629264 -0.706768 -0.883099 -0.446644 -0.202355 -0.0731729 -0.0106845 -0.086703 -0.207504
1 5 3 1 4 1 2 2 1 2 2 4 5 1 3 1 2 1 2 2 2 1 1 3 1 1 2 2 3 2 2 2 4 4 3 2 1 1 3 1 3 3 2 2 1 3 2 1 2 1
1 5 3 1 4 1 2 2 1 2 2 4 5 1 3 1 2 1 2 2 2 1 1 3 1 1 2 2 3 2 2 2 4 4 3 2 1 1 3 1 3 3 2 2 1 3 2 1 2 1
0.503106 1.68461 0.905612 0.37763 1.20479 0.604835 0.830867 1.06651 0.327016 0.781249 0.644865 1.26453 1.52795 0.73288 1.13146 0.53899 0.748176 0.495352 0.817609 0.559306 0.760795 0.334118 0.555186 0.874929 0.608178 0.703489 0.706037 0.630228 1.20781 0.631226 0.972247 0.615611 1.52553 1.21563 0.877635 0.84115 0.547601 0.384105 1.21881 0.655837 0.996704 0.969492 0.690612 0.990639 0.543817 1.00509 0.685081 0.481438 0.75993 0.695421
2 2 2 2 2 2 2 2 2 2 2 2 2 2 2 2 2 2 2 2 2 2 2 2 2 2 2 2 2 2 2 2 2 2 2 2 2 2 2 2 2 2 2 2 2 2 2 2 2 2
-10 -10 -10 -10 -10 -10 -10 -10 -10 -10 -10 -10 -10 -10 -10 -10 -10 -10 -10 -10 -10 -10 -10 -10 -10 -10 -10 -10 -10 -10 -10 -10 -10 -10 -10 -10 -10 -10 -10 -10 -10 -10 -10 -10 -10 -10 -10 -10 -10 -10
0.0297605 0.00456734 0.0327287 0.0355966 0.00727764 0.0136906 0.00739394 0.0150749 0.00953877 0.02265 0.026731 0.0473487 0.00847468 0.0767863 0.0180389 0.0404026 0.01517 0.0200868 0.0279816 0.0142272 0.030549 0.0171762 0.0211841 0.0258899 0.060535 0.0277546 0.00879646 0.0500113 0.00501778 0.00776886 0.00810761 0.00941345 0.0115198 0.0122475 0.0174458 0.0146134 0.0169961 0.0186605 0.0100812 0.0549907 0.00858982 0.028231 0.0365926 0.00467477 0.0294847 0.00674761 0.00838597 0.0299668 0.00822217 0.027729
0.0297605 0.019151 0.0499192 0.0355966 0.0285658 0.0250014 0.00739394 0.0641084 0.00953877 0.0815525 0.026731 0.0526942 0.0256171 0.0767863 0.0693812 0.0404026 0.0603229 0.0200868 0.0470212 0.0528174 0.030549 0.0171762 0.0211841 0.0258899 0.060535 0.0277546 0.00879646 0.0652267 0.0259387 0.0519351 0.0584137 0.00941345 0.0115198 0.0151132 0.0174458 0.0146134 0.0169961 0.0186605 0.0100812 0.0549907 0.00858982 0.0330421 0.0525158 0.00467477 0.0294847 0.0128146 0.0218281 0.0299668 0.0174741 0.027729
3.55276 0.533691 3.09901 0.536746 2.54434 2.22853 0.612201 2.53053 0.580363 2.68092 0.553936 3.90404 2.49956 0.602819 2.58613 3.05288 0.581071 6.08989 2.95491 0.584697 2.13937 0.534436 0.5708 0.562641 0.625212 2.17506 0.602926 3.80104 0.612101 2.39427 0.613752 0.571156 2.50137 0.609164 2.72054 3.03086 2.91074 0.573416 2.56188 2.22625 0.615949 0.561533 0.54961 2.56643 0.54672 0.618743 2.85795 0.557105 6.16067 3.07924
0.639895 0.48039 0.584924 0.471449 0.48909 0.407806 0.232474 0.485505 0.341133 0.516321 0.421384 0.672867 0.47901 0.266095 0.497367 0.578126 0.339089 0.791588 0.563759 0.327635 0.377215 0.478072 0.370892 0.395559 0.177279 0.38894 0.266731 0.663742 0.232628 0.453896 0.226401 0.369989 0.479056 0.243976 0.523861 0.575253 0.556271 0.362849 0.492535 0.40769 0.217596 0.398867 0.434094 0.493778 0.442603 0.20601 0.549232 0.412008 0.794215 0.582277
5.70979 0.620322 0.531834 0.520023 2.94506 0.580869 8.9823 2.12121 0.552946 0.620406 0.563246 0.527653 2.82471 2.16566 0.616653 0.549548 0.532369 3.04789 4.0942 3.01551 0.558973 0.57031 0.619038 2.81606 2.13717 3.07802 3.31338 0.528462 2.97119 0.550837 0.589694 2.31547 0.608779 0.581587 0.577478 2.55533 0.580152 0.512934 0.608618 0.617204 0.612837 0.554942 0.525887 2.88796 2.67422 0.620946 0.598776 0.56327 0.608751 2.21395
0.777524 0.19935 0.485641 0.519463 0.562197 0.339892 0.858926 0.370961 0.42417 0.199203 0.393736 0.497653 0.542503 0.386055 0.214968 0.434322 0.484193 0.57799 0.688389 0.572438 0.406501 0.372298 0.20507 0.540995 0.376721 0.582103 0.613703 0.495386 0.56635 0.430625 0.311706 0.433161 0.245404 0.337476 0.350348 0.490978 0.342042 0.539706 0.245981 0.212662 0.229892 0.418427 0.502716 0.55393 0.51474 0.196513 0.281226 0.393891 0.245567 0.401267
0.2
