-0.2764 -0.2744 -0.2344 -0.258 -0.2748 -0.2336 -0.2736 -0.2728 -0.278 -0.2316 -0.278 -0.2736 -0.2724 -0.2152 -0.2288 -0.2732 -0.2732 -0.2616 -0.2092 -0.1968 -0.2068 -0.204 -0.2168 -0.2052 -0.2116 -0.2244 -0.1932 -0.2632 -0.1976 -0.2088 -0.2296 -0.2132 -0.2284 -0.2328 -0.2556 -0.2652 -0.2588 -0.2348 -0.2236 -0.2384 -0.1984 -0.2288 -0.2272 -0.1892 -0.2332 -0.2504 -0.2472 -0.2456 -0.2608 -0.2592 -0.2672 -0.2604 -0.2052 -0.2608 -0.1996 -0.1924 -0.218 -0.2648 -0.1968 -0.2648 -0.206 -0.214 -0.2644 -0.2672 -0.2772 -0.2068 -0.2756 -0.2064 -0.2 -0.2472 -0.214 -0.2164 -0.2056 -0.2572 -0.238 -0.2016 -0.276 -0.214 -0.234 -0.278 -0.2044 -0.2064 0.274 0.2516 0.2444 -0.208 -0.2508 -0.2068 -0.2268 -0.2148 0.286 -0.2704 -0.2104 0.2284 -0.2764 0.2632 -0.2768 -0.2152 -0.276 0.2616 -0.24 0.3116 -0.224 0.2652 0.2996 0.2868 0.2732 0.2544 0.2524 0.3184 0.2608 0.2516 0.304 0.2592 0.246 0.2588 0.2584 0.2616 0.2596 0.2656 0.2976 0.2832 0.2636 0.2636 0.3156 0.2756 0.3316 0.2944 0.3272 0.292 0.2728 0.2636 0.2488 0.208 0.3044 0.3312 -0.2604 -0.2632 -0.2272 -0.2632 -0.2656 0.27 0.3236 -0.256 0.2604 0.272 0.3304 0.2704 0.2528 0.3232 0.2484 0.2588 -0.2396 0.306 0.3276 0.3288 -0.242 0.2372 0.3044 0.2888 0.3284 0.2588 0.3232 0.3324 0.3076 0.2736 0.3284 0.246 0.2724 0.3188 0.2932 0.272 0.2684 0.3104 0.2672 0.3184 0.2688 0.2664 0.27 0.3164 0.3192 0.2648 0.262 0.3168 0.2416 0.3212 0.27 0.3228 0.3208 0.2948 0.2464 0.302 0.3192 0.3196 0.2748 0.3116 0.2588 0.258 0.2824 0.2692 0.2932 0.2664 0.3116 0.2672 0.312 0.2052 0.264 0.2668 0.2992 0.2424 0.2532 0.2472 0.2924 0.2628 0.244 0.2752 0.208 0.2796 0.2916 0.2852 0.2316 0.282 0.2148 0.2844 0.2288 0.2204 0.2212 0.2256 0.2412 0.2608 0.2304 0.2356 0.244 0.254
0.0188 0.0176 -0.0668 -0.0568 -0.0012 -0.0528 -0.0044 -0.0684 -0.0368 -0.0584 -0.0396 -0.07 -0.0816 -0.0488 -0.0512 -0.076 -0.0748 -0.094 -0.0388 -0.1052 -0.108 -0.0208 -0.1012 -0.0156 0.0072 -0.0696 -0.084 -0.076 -0.0744 -0.084 -0.0644 0.006 -0.0612 -0.0624 -0.0788 -0.0744 -0.0684 -0.054 -0.0548 -0.0364 -0.0024 -0.0608 -0.0552 -0.0716 -0.0592 -0.0284 -0.034 -0.0388 -0.0576 -0.0608 -0.0564 -0.0716 -0.0596 -0.054 0.006 -0.0556 -0.058 -0.0616 -0.0152 -0.0516 -0.05 -0.0468 -0.0444 -0.0436 -0.0364 -0.0432 -0.034 -0.04 -0.0308 0.0416 -0.0404 -0.0236 -0.002 -0.0056 0.0416 -0.028 -0.0204 0.0104 -0.01 -0.0168 -0.01 -0.0144 -0.0184 -0.006 0.002 -0.0108 0.0044 -0.0064 -0.002 0.0008 -0.0068 0.0104 0.0008 0.08 0.0236 0.0756 0.0204 0.0088 0.016 0.0568 0.0212 0.0052 0.0204 0.0124 0.002 0.0032 0.0112 0.0416 0.0824 0.018 0.074 0.0676 0.0076 0.038 0.0552 0.048 0.0608 0.0656 0.0608 0.0864 0.008 0.012 0.0636 0.0584 0.0208 0.0596 0.058 0.0416 0.0588 0.0516 0.1096 0.0684 0.064 0.0936 0.0284 0.0404 0.0428 0.0328 0.0408 0.044 0.0376 0.1248 0.04 0.0412 0.1228 0.1308 0.062 0.1352 0.0936 0.0448 0.1804 0.0748 0.044 0.054 0.0604 0.0644 0.0472 0.0876 0.1016 0.1128 0.0836 0.0868 0.0864 0.0892 0.0796 0.128 0.1 0.1032 0.0928 0.1212 0.1324 0.1324 0.1036 0.1044 0.1516 0.1252 0.1244 0.1272 0.1308 0.146 0.1436 0.1328 0.1312 0.1476 0.1324 0.1248 0.1496 0.11 0.126 0.1404 0.1436 0.1364 0.132 0.1376 0.1268 0.1496 0.1428 0.1392 0.1928 0.1464 0.152 0.1452 0.1516 0.1532 0.1588 0.1676 0.1476 0.1484 0.16 0.1888 0.1488 0.1904 0.1656 0.2208 0.17 0.1876 0.176 0.206 0.1728 0.1996 0.172 0.194 0.1972 0.2012 0.2072 0.2104 0.2 0.2104 0.2048 0.2124 0.2244 0.2172 0.2212 0.2276
0.0667412 0.0458317 -0.43388 -0.170921 0.0550865 -0.419534 0.0418465 -0.0391891 0.0679334 -0.449487 0.0644956 -0.0342205 -0.0731999 -0.61914 -0.469055 -0.0516715 -0.0489358 -0.214819 -0.67965 -0.979681 -0.84839 -0.731247 -0.706133 -0.713216 -0.630952 -0.547374 -0.975521 -0.154569 -0.88755 -0.759231 -0.481069 -0.611496 -0.48865 -0.443195 -0.238409 -0.130553 -0.18375 -0.408479 -0.531478 -0.348244 -0.801004 -0.483639 -0.4923 -1.01264 -0.433611 -0.214792 -0.25327 -0.274982 -0.143314 -0.165384 -0.0748701 -0.173818 -0.757419 -0.137403 -0.784782 -0.931174 -0.599731 -0.108971 -0.826621 -0.0920841 -0.733056 -0.630746 -0.0858788 -0.0554853 0.0597691 -0.714435 0.0452476 -0.715948 -0.791451 -0.261455 -0.623287 -0.58067 -0.70491 -0.132246 -0.358124 -0.767603 0.0614008 -0.602926 -0.378224 0.0852783 -0.721636 -0.697417 -0.514931 -0.667491 -0.722254 -0.676068 -0.199193 -0.690141 -0.455353 -0.592012 -0.440366 0.00610848 -0.644868 -0.859903 0.0634629 -0.59296 0.0700647 -0.588321 0.0639786 -0.600439 -0.319041 -0.294277 -0.492064 -0.572115 -0.360969 -0.435514 -0.51972 -0.648893 -0.668972 -0.25813 -0.608805 -0.672231 -0.33628 -0.61468 -0.712377 -0.618507 -0.622996 -0.601842 -0.614712 -0.579495 -0.372472 -0.457435 -0.588029 -0.587179 -0.273355 -0.509664 -0.194637 -0.393761 -0.217632 -0.409277 -0.540124 -0.588883 -0.692291 -1.07337 -0.335395 -0.193376 -0.12553 -0.0849509 -0.473556 -0.0978828 -0.0648761 -0.563152 -0.232962 -0.169351 -0.624585 -0.55297 -0.201754 -0.564775 -0.668452 -0.235841 -0.731143 -0.62262 -0.344058 -0.330308 -0.215911 -0.210622 -0.322873 -0.785474 -0.352371 -0.444858 -0.218072 -0.625118 -0.246088 -0.199251 -0.327653 -0.54191 -0.22371 -0.719998 -0.537457 -0.282502 -0.427621 -0.553622 -0.566061 -0.32059 -0.592153 -0.286394 -0.570593 -0.586969 -0.565492 -0.307048 -0.291039 -0.599436 -0.617057 -0.305763 -0.760646 -0.27147 -0.573615 -0.256749 -0.274115 -0.422244 -0.728977 -0.380115 -0.285321 -0.285923 -0.534026 -0.334487 -0.642798 -0.646689 -0.522508 -0.577161 -0.43704 -0.594339 -0.335542 -0.592901 -0.337305 -1.10419 -0.610785 -0.593222 -0.407629 -0.778363 -0.683136 -0.744965 -0.448835 -0.660434 -0.757304 -0.562039 -1.07381 -0.547542 -0.457449 -0.510607 -0.852652 -0.525608 -1.01147 -0.516288 -0.893086 -0.966509 -0.953515 -0.921461 -0.796321 -0.667412 -0.891332 -0.845934 -0.786841 -0.722548
1 2 2 2 1 2 1 1 1 2 1 2 1 2 3 1 1 3 3 1 1 2 1 2 2 1 1 3 1 1 1 2 1 2 3 2 3 2 2 1 1 1 2 1 2 1 1 1 2 2 2 3 1 2 1 1 1 2 1 2 1 2 2 2 2 2 1 2 1 1 2 1 1 2 1 1 1 2 1 2 1 3 2 1 2 2 2 2 1 2 1 2 3 1 1 3 1 2 1 2 2 1 2 1 1 1 1 1 1 1 4 3 2 2 1 2 2 3 3 3 3 2 2 2 2 2 1 2 2 1 2 2 1 2 2 1 1 2 1 1 1 4 2 1 1 2 2 3 1 2 3 2 1 2 2 2 1 1 1 1 2 2 1 1 1 2 2 1 2 1 1 2 4 1 2 1 2 2 3 2 1 2 1 2 1 1 2 1 1 1 1 1 1 2 2 1 1 1 2 2 1 4 1 2 2 2 2 3 1 2 1 2 1 1 1 1 2 1 1 1 1 2 2 1 2 2 2 2 2 2 1 2 2 1
1 2 2 2 1 2 1 1 1 2 1 2 1 2 3 1 1 3 3 1 1 2 1 2 2 1 1 3 1 1 1 2 1 2 3 2 3 2 2 1 1 1 2 1 2 1 1 1 2 2 2 3 1 2 1 1 1 2 1 2 1 2 2 2 2 2 1 2 1 1 2 1 1 2 1 1 1 2 1 2 1 3 2 1 2 2 2 2 1 2 1 2 3 1 1 3 1 2 1 2 2 1 2 1 1 1 1 1 1 1 4 3 2 2 1 2 2 3 3 3 3 2 2 2 2 2 1 2 2 1 2 2 1 2 2 1 1 2 1 1 1 4 2 1 1 2 2 3 1 2 3 2 1 2 2 2 1 1 1 1 2 2 1 1 1 2 2 1 2 1 1 2 4 1 2 1 2 2 3 2 1 2 1 2 1 1 2 1 1 1 1 1 1 2 2 1 1 1 2 2 1 4 1 2 2 2 2 3 1 2 1 2 1 1 1 1 2 1 1 1 1 2 2 1 2 2 2 2 2 2 1 2 2 1
0.503032 0.724883 0.683544 0.766108 0.668282 0.761548 0.700742 0.603443 0.550579 0.659704 0.551754 0.788395 0.580804 0.656782 0.870108 0.57891 0.651227 1.0077 0.888069 0.331617 0.323446 0.674546 0.328077 0.70995 0.725601 0.383083 0.330022 0.999078 0.336142 0.33115 0.488519 0.76985 0.54806 0.651257 1.0091 0.977277 0.998037 0.718848 0.654191 0.543688 0.375255 0.634606 0.643385 0.338986 0.720622 0.579291 0.564002 0.558027 0.976803 1.00149 0.774431 1.00025 0.388166 0.872553 0.392867 0.346237 0.47607 0.998228 0.372995 0.791779 0.490644 0.714232 0.738716 0.735261 0.760937 0.653209 0.598097 0.66468 0.440821 0.51321 0.763624 0.546742 0.457126 0.623894 0.436166 0.513835 0.614335 0.739784 0.545419 0.746265 0.537968 0.918912 0.89578 0.8615 0.853044 0.730432 0.612751 0.687525 0.558761 0.583899 0.560953 0.979396 0.936238 0.477712 0.519613 0.87038 0.505229 0.667322 0.577366 0.862689 0.655513 0.606839 0.620589 0.556705 0.639688 0.670593 0.703856 0.718487 0.722136 0.743301 1.12921 1.17095 0.91046 0.830134 0.539833 0.900395 1.01505 0.894732 0.964332 0.885132 0.975102 0.804336 0.694962 0.672086 0.702106 0.55344 0.674316 0.556907 0.698987 0.540133 0.782107 0.748343 0.616947 0.78086 0.612292 0.661328 0.46811 0.687987 0.4402 0.468926 0.510226 1.22646 0.673179 0.566874 0.672525 0.895367 0.984266 0.903265 0.620242 0.687142 0.950728 0.823748 0.429587 0.576259 0.699218 0.704213 0.447632 0.482149 0.550714 0.552109 0.73272 0.812596 0.759348 0.713057 0.559132 0.706339 0.820455 0.507824 0.657693 0.644115 0.556642 0.802379 1.13555 0.577827 0.83443 0.614087 0.917811 0.822541 0.922462 0.781826 0.728566 0.850627 0.826869 1.05595 0.484116 0.660001 0.681556 0.607028 0.647534 0.562744 0.508604 0.574152 0.638821 0.776814 0.666715 0.603353 0.66224 0.616461 0.651338 0.772355 0.571947 1.16204 0.598419 0.755054 0.834784 0.740178 0.849177 0.901249 0.617903 0.708801 0.569093 0.657233 0.592784 0.648124 0.615934 0.601112 0.721797 0.626285 0.611596 0.621806 0.572078 0.65916 0.701437 0.626343 0.667554 0.705538 0.683053 0.678847 0.644614 0.652252 0.690144 0.668195 0.6891 0.843598
2 2 2 2 2 2 2 2 2 2 2 2 2 2 2 2 2 2 2 2 2 2 2 2 2 2 2 2 2 2 2 2 2 2 2 2 2 2 2 2 2 2 2 2 2 2 2 2 2 2 2 2 2 2 2 2 2 2 2 2 2 2 2 2 2 2 2 2 2 2 2 2 2 2 2 2 2 2 2 2 2 2 2 2 2 2 2 2 2 2 2 2 2 2 2 2 2 2 2 2 2 2 2 2 2 2 2 2 2 2 2 2 2 2 2 2 2 2 2 2 2 2 2 2 2 2 2 2 2 2 2 2 2 2 2 2 2 2 2 2 2 2 2 2 2 2 2 2 2 2 2 2 2 2 2 2 2 2 2 2 2 2 2 2 2 2 2 2 2 2 2 2 2 2 2 2 2 2 2 2 2 2 2 2 2 2 2 2 2 2 2 2 2 2 2 2 2 2 2 2 2 2 2 2 2 2 2 2 2 2 2 2 2 2 2 2 2 2 2 2 2 2 2 2 2 2 2 2 2 2 2 2 2 2
-10 -10 -10 -10 -10 -10 -10 -10 -10 -10 -10 -10 -10 -10 -10 -10 -10 -10 -10 -10 -10 -10 -10 -10 -10 -10 -10 -10 -10 -10 -10 -10 -10 -10 -10 -10 -10 -10 -10 -10 -10 -10 -10 -10 -10 -10 -10 -10 -10 -10 -10 -10 -10 -10 -10 -10 -10 -10 -10 -10 -10 -10 -10 -10 -10 -10 -10 -10 -10 -10 -10 -10 -10 -10 -10 -10 -10 -10 -10 -10 -10 -10 -10 -10 -10 -10 -10 -10 -10 -10 -10 -10 -10 -10 -10 -10 -10 -10 -10 -10 -10 -10 -10 -10 -10 -10 -10 -10 -10 -10 -10 -10 -10 -10 -10 -10 -10 -10 -10 -10 -10 -10 -10 -10 -10 -10 -10 -10 -10 -10 -10 -10 -10 -10 -10 -10 -10 -10 -10 -10 -10 -10 -10 -10 -10 -10 -10 -10 -10 -10 -10 -10 -10 -10 -10 -10 -10 -10 -10 -10 -10 -10 -10 -10 -10 -10 -10 -10 -10 -10 -10 -10 -10 -10 -10 -10 -10 -10 -10 -10 -10 -10 -10 -10 -10 -10 -10 -10 -10 -10 -10 -10 -10 -10 -10 -10 -10 -10 -10 -10 -10 -10 -10 -10 -10 -10 -10 -10 -10 -10 -10 -10 -10 -10 -10 -10 -10 -10 -10 -10 -10 -10 -10 -10 -10 -10 -10 -10 -10 -10 -10 -10 -10 -10
0.0310723 0.0468455 0.00484947 0.0101217 0.0715457 0.0150244 0.0612545 0.0685606 0.0329637 0.0143243 0.0152407 0.0269357 0.0156302 0.0304048 0.0185289 0.0344382 0.056171 0.00656445 0.0270751 0.00716037 0.00857371 0.0252916 0.00879966 0.0489947 0.00605557 0.0149971 0.0145032 0.00783523 0.0237233 0.0184731 0.0135798 0.0588985 0.0152914 0.0124767 0.00620931 0.00565786 0.00880287 0.0140007 0.00972587 0.0184058 0.0197362 0.0151801 0.0181386 0.0128993 0.0132188 0.0175575 0.0159261 0.0145965 0.011611 0.0100465 0.00510794 0.00706385 0.0318382 0.0122288 0.00865092 0.0253521 0.0238784 0.0075422 0.0306145 0.00812925 0.0364649 0.0324296 0.00869655 0.00558099 0.027211 0.019248 0.0664668 0.038538 0.043999 0.0530105 0.0357737 0.0433397 0.0484822 0.00942998 0.0346785 0.0463162 0.0695167 0.0506942 0.0243439 0.0362526 0.0503761 0.0270935 0.00635742 0.0604255 0.00803225 0.054645 0.00917982 0.0267586 0.0213862 0.0431856 0.028187 0.010456 0.0265541 0.0223076 0.00617659 0.0209289 0.0132352 0.0604142 0.0551968 0.0467294 0.0071299 0.0415288 0.0470786 0.0447625 0.0517663 0.05364 0.0532943 0.0482561 0.0364592 0.0567901 0.0277838 0.0116763 0.0258116 0.0277315 0.0416085 0.0495324 0.0450744 0.00638965 0.0450939 0.0332675 0.0119909 0.0615489 0.0436515 0.0459724 0.0532113 0.0438882 0.0458506 0.016431 0.00917385 0.0227219 0.0235413 0.0414899 0.0421328 0.00786899 0.00762934 0.0214586 0.035121 0.0186622 0.00547681 0.0137674 0.0489718 0.0172554 0.0230754 0.0564364 0.0204978 0.0174963 0.0270828 0.00860118 0.0319985 0.00569349 0.00731931 0.0392436 0.0235672 0.00822613 0.0111714 0.0250417 0.00849432 0.0307074 0.0192722 0.0228755 0.0059583 0.0233405 0.0631744 0.0173007 0.0128094 0.018181 0.0597867 0.0283435 0.0295801 0.0588232 0.0206723 0.0171048 0.0260987 0.00969949 0.0129331 0.0606049 0.019324 0.0186755 0.0175333 0.00894573 0.0341393 0.0172107 0.0178154 0.0243559 0.0178761 0.0754719 0.0134496 0.068466 0.0748028 0.0211238 0.0147173 0.0157768 0.0744501 0.0326717 0.0184777 0.06082 0.0148108 0.0157856 0.0058814 0.0139984 0.0206484 0.0141699 0.0652074 0.0126511 0.0519182 0.0126804 0.0136296 0.0135214 0.00726483 0.00597608 0.0133726 0.00653934 0.0154004 0.065149 0.00838806 0.0153691 0.00612719 0.0603517 0.0108675 0.06171 0.0064923 0.00501623 0.00831669 0.0655429 0.00654473 0.010984 0.00510837 0.00971999 0.00671175 0.0105431 0.0664813 0.0143345 0.00725907 0.0208864
0.0310723 0.0740079 0.010519 0.0101217 0.0715457 0.0150244 0.0612545 0.0685606 0.0329637 0.0143243 0.0152407 0.0806652 0.0156302 0.0304048 0.0185289 0.0344382 0.056171 0.0127489 0.0405508 0.00716037 0.00857371 0.0499596 0.00879966 0.051864 0.0552031 0.0149971 0.0145032 0.0130981 0.0237233 0.0184731 0.0135798 0.0588985 0.0152914 0.0124767 0.00620931 0.017158 0.00880287 0.0140007 0.0208657 0.0184058 0.0197362 0.0151801 0.0181386 0.0128993 0.0132188 0.0175575 0.0159261 0.0145965 0.011611 0.0100465 0.0210598 0.00967998 0.0318382 0.0122288 0.00865092 0.0253521 0.0238784 0.0158277 0.0306145 0.0168626 0.0364649 0.0324296 0.0176848 0.022429 0.0801388 0.0396472 0.0664668 0.0415422 0.043999 0.0530105 0.0357737 0.0433397 0.0484822 0.0304133 0.0346785 0.0463162 0.0695167 0.0574129 0.0358187 0.0776 0.0503761 0.0529699 0.00635742 0.0604255 0.00803225 0.054645 0.0383725 0.0535086 0.0488713 0.0597159 0.028187 0.0643022 0.0568413 0.0223076 0.00617659 0.038333 0.0132352 0.0604142 0.0551968 0.0467294 0.0625513 0.0415288 0.06517 0.0447625 0.0517663 0.05364 0.0532943 0.0482561 0.0364592 0.0567901 0.0393687 0.0418909 0.0611331 0.051443 0.0416085 0.0495324 0.0450744 0.0429601 0.0450939 0.0332675 0.0635175 0.0615489 0.0436515 0.0459724 0.069032 0.0438882 0.0458506 0.0536956 0.0766847 0.0473931 0.0235413 0.0414899 0.0421328 0.00786899 0.0660013 0.0214586 0.035121 0.0777864 0.00547681 0.0137674 0.0489718 0.0191424 0.0743261 0.0564364 0.0204978 0.0174963 0.0641166 0.0164411 0.0319985 0.0752486 0.00731931 0.0392436 0.0235672 0.0504792 0.0766888 0.0754786 0.00849432 0.0307074 0.0312979 0.0228755 0.0781876 0.0341677 0.0631744 0.0173375 0.0396835 0.018181 0.0709375 0.0283435 0.0295801 0.0588232 0.0206723 0.0171048 0.0260987 0.03631 0.0129331 0.0606049 0.019324 0.0186755 0.0175333 0.0796342 0.0341395 0.0172107 0.0178154 0.0650185 0.0178761 0.0754719 0.0134496 0.068466 0.0748028 0.0211238 0.0147173 0.0269856 0.0744501 0.0760157 0.0184777 0.06082 0.0148108 0.0157856 0.0292751 0.0139984 0.0206484 0.0141699 0.0652074 0.0126511 0.0730128 0.0140511 0.0136296 0.0135214 0.0309723 0.00597608 0.0133726 0.00653934 0.0232797 0.065149 0.00838806 0.0153691 0.00612719 0.0603517 0.0261152 0.06171 0.0064923 0.0302395 0.00831669 0.0655429 0.00654473 0.017645 0.00510837 0.00971999 0.00671175 0.0217989 0.0664813 0.0143345 0.0238805 0.0219085
0.555607 3.74221 0.601232 5.46931 2.19346 2.12169 2.91659 2.18178 0.553008 0.54098 0.58033 2.82597 0.579698 0.541369 2.90013 0.550807 0.524243 0.61987 2.86463 0.584949 0.572528 0.565435 0.553092 0.531248 0.599155 0.511661 0.573918 0.613335 0.548513 0.53966 0.565399 2.49964 0.613419 0.578929 0.617433 0.596952 0.612574 2.30264 0.591006 2.80659 0.571292 0.619873 0.558858 0.579852 0.523998 2.18545 2.28201 2.39019 0.58908 0.621729 7.14094 0.619691 0.515523 6.68874 0.591359 0.554982 0.560374 0.577311 0.550427 8.96817 0.564996 0.52375 4.64929 4.30668 2.83359 0.574273 2.10003 0.546492 0.523727 0.522653 2.14871 3.3043 0.522763 2.33509 0.547878 0.567922 2.07891 0.5292 2.432 3.20406 0.575474 2.87007 0.61473 0.590165 0.611528 2.70492 2.32078 0.563403 2.46805 3.37807 3.21609 0.610741 2.85142 3.38176 0.597813 0.572013 0.583742 3.8739 0.523729 0.61953 2.45222 4.14515 3.64309 4.86792 4.39709 3.31838 2.54689 2.18221 2.10038 2.99481 2.90933 0.60918 2.84951 2.93798 4.96676 3.72137 2.22758 0.598743 0.52541 0.545747 0.586986 0.59107 0.561306 0.545 0.529975 0.541098 4.39558 0.58062 0.593305 0.57104 0.620609 0.602753 3.05998 0.610192 0.59734 2.82721 0.548258 2.54908 0.598516 0.582628 0.524215 0.577664 0.569232 0.536687 2.46529 0.605842 2.89329 0.594058 2.91878 0.601094 0.594805 4.26333 0.566391 0.597451 0.589154 0.566423 0.592485 4.93287 0.579114 0.548646 0.600332 2.79569 0.515591 2.67975 0.589247 0.568361 0.524991 5.75472 0.546056 0.617182 0.563783 0.62288 3.75575 0.596665 0.626226 0.625876 3.51014 3.20374 0.533637 0.593648 3.42111 2.63104 2.13532 2.79148 5.4056 0.626147 0.548077 0.623975 0.624998 0.57208 6.43195 0.587158 0.622465 0.556176 0.546972 0.620742 2.80804 3.58332 0.607481 0.604684 0.5776 2.89956 0.611739 0.58949 0.530672 0.605166 4.01468 0.567087 0.603801 0.546632 5.45936 0.545944 0.589914 0.593236 4.98031 0.582077 0.606366 0.606185 0.597823 0.604667 7.41676 0.608947 0.601956 0.597808 0.590992 0.603998 0.592495 0.597964 0.576683 0.601221 0.587111 0.598222 0.60701 2.77889
0.416441 0.658362 0.272364 0.768027 0.397412 0.371188 0.558859 0.391354 0.424107 0.459224 0.3414 0.542667 0.343384 0.4581 0.555028 0.430574 0.507464 0.201195 0.549221 0.326559 0.365425 0.387164 0.423736 0.487323 0.279627 0.543326 0.361228 0.227952 0.437232 0.462978 0.387507 0.477213 0.227906 0.345802 0.211532 0.287538 0.230952 0.427474 0.307103 0.53885 0.369354 0.200334 0.406822 0.342805 0.50816 0.393438 0.422282 0.451343 0.313707 0.193334 0.822574 0.201997 0.532329 0.810217 0.305882 0.41824 0.402537 0.351102 0.43166 0.858791 0.388716 0.508865 0.726668 0.704603 0.543966 0.360261 0.36385 0.443202 0.508949 0.512005 0.380353 0.611506 0.511698 0.43864 0.439137 0.379892 0.35644 0.49321 0.462064 0.599053 0.356812 0.550129 0.222554 0.310166 0.235059 0.519967 0.434557 0.39327 0.470844 0.620365 0.600822 0.238037 0.547022 0.621217 0.284218 0.36721 0.330601 0.670015 0.508931 0.201798 0.468145 0.692361 0.648797 0.738611 0.710034 0.61283 0.487737 0.391281 0.36361 0.569056 0.556536 0.24392 0.546728 0.56111 0.743789 0.656078 0.405517 0.281062 0.504121 0.445383 0.320227 0.307221 0.399752 0.447703 0.490992 0.458923 0.710136 0.34056 0.299519 0.370235 0.198322 0.267463 0.57866 0.240154 0.285917 0.5431 0.43803 0.489376 0.281775 0.334137 0.507495 0.349766 0.375703 0.471771 0.469154 0.255221 0.553956 0.296988 0.557187 0.272906 0.294483 0.700934 0.384254 0.285573 0.313205 0.384204 0.30218 0.742226 0.345335 0.436995 0.275569 0.537534 0.532029 0.516354 0.31297 0.378554 0.505307 0.779261 0.444631 0.211597 0.392243 0.188248 0.659661 0.288293 0.172384 0.173877 0.634725 0.599114 0.480451 0.298369 0.625499 0.506688 0.378013 0.536747 0.765056 0.172689 0.438737 0.18318 0.178363 0.367123 0.802758 0.319791 0.190101 0.41479 0.441961 0.197703 0.538654 0.642338 0.250077 0.260576 0.350094 0.554966 0.234385 0.31239 0.488987 0.258668 0.682117 0.382192 0.263454 0.442943 0.767106 0.444925 0.310848 0.300038 0.7444 0.336072 0.254387 0.255129 0.284386 0.260618 0.829048 0.244604 0.27016 0.284631 0.307396 0.262837 0.302446 0.284001 0.353 0.272643 0.320096 0.283088 0.251859 0.534655
0.579908 0.578919 0.589263 0.606958 0.591847 0.581815 0.592794 0.622296 0.614079 0.58242 0.615326 0.623292 0.625539 0.558174 0.575726 0.624672 0.62436 0.621357 0.545008 0.553227 0.570035 0.528473 0.581829 0.52728 0.522756 0.57954 0.540918 0.617946 0.544991 0.565703 0.583058 0.525151 0.580238 0.5856 0.613093 0.618894 0.612134 0.583696 0.571587 0.57815 0.512387 0.580494 0.575955 0.529122 0.584526 0.585718 0.585762 0.586827 0.6096 0.609589 0.614154 0.614481 0.550098 0.608095 0.510089 0.528374 0.566412 0.614308 0.516224 0.610319 0.546502 0.55558 0.606783 0.608711 0.613286 0.544105 0.610918 0.541875 0.528221 0.537262 0.552134 0.545677 0.52072 0.578369 0.529087 0.529009 0.604269 0.52365 0.557581 0.603952 0.523361 0.528154 5.33878 7.00284 7.59842 0.528203 0.565559 0.524413 0.544779 0.529797 4.28647 0.580199 0.524812 5.10837 0.576521 3.34838 0.57915 0.525805 0.581492 3.76509 0.543764 3.25539 0.528421 4.81447 3.60743 4.00705 4.39838 4.52086 3.57637 2.95689 3.44938 3.93725 3.39342 4.35466 4.61297 4.09729 3.80319 3.58181 3.75532 3.11808 3.5545 3.94181 3.55273 3.6564 2.97088 3.27069 2.42786 3.10247 2.46389 3.01843 2.70925 3.46261 4.17101 7.98275 3.07929 2.5635 0.548239 0.557829 0.520065 0.549891 0.556603 2.61625 2.65496 0.545408 2.78898 2.54171 2.41157 2.52967 3.35645 2.61751 2.52064 3.49969 0.529044 2.75657 2.4486 2.40989 0.529178 4.15784 2.38959 2.47269 2.29489 3.29008 2.31961 2.23578 2.51138 2.54219 2.20926 3.41168 2.89164 2.17409 2.30849 2.52981 2.84499 2.31969 2.45713 2.1594 2.63699 2.64875 2.56807 2.09111 2.08444 2.6254 2.68218 2.08347 3.09583 2.14405 2.43728 2.19885 2.14153 2.25459 2.84945 2.21944 2.12701 2.1036 2.53594 2.10498 2.6338 2.67668 2.1379 2.46695 2.21359 2.50941 2.09798 2.44708 2.07195 4.24047 2.52362 2.4827 2.1411 2.55916 2.6739 2.47998 2.16433 2.19822 2.66077 2.2063 3.82141 2.11829 2.14359 2.10082 2.90158 2.13688 3.16324 2.10134 2.68948 2.86709 2.92476 2.73836 2.48951 2.23961 2.56855 2.51482 2.38262 2.25557
0.343018 0.346107 0.312816 0.252116 0.304645 0.336756 0.301503 0.190847 0.225305 0.33482 0.220346 0.186374 0.175842 0.408857 0.355785 0.179983 0.181443 0.194682 0.447534 0.423332 0.373045 0.495293 0.336502 0.49872 0.511695 0.343843 0.459323 0.209389 0.447512 0.386253 0.332773 0.504844 0.341689 0.324674 0.228825 0.205451 0.232625 0.330793 0.368496 0.348315 0.541251 0.340887 0.355062 0.493357 0.328126 0.324442 0.324279 0.320837 0.242331 0.242349 0.224862 0.223443 0.432633 0.247957 0.547797 0.495527 0.384198 0.224213 0.530309 0.239671 0.44316 0.416541 0.252835 0.245747 0.228409 0.450152 0.237525 0.456634 0.496002 0.470113 0.426702 0.445616 0.517498 0.347741 0.49362 0.493746 0.262051 0.509142 0.410713 0.263201 0.509944 0.496216 0.761738 0.818786 0.833078 0.49608 0.386948 0.506941 0.448272 0.491527 0.702335 0.342078 0.505808 0.751231 0.353577 0.616974 0.345393 0.502978 0.338035 0.660496 0.451263 0.605022 0.4955 0.73557 0.644859 0.68118 0.710134 0.718258 0.642231 0.563239 0.628568 0.675765 0.621724 0.7073 0.724032 0.688597 0.664009 0.642676 0.659614 0.587568 0.639444 0.675829 0.639646 0.650131 0.565437 0.607392 0.46018 0.584989 0.468941 0.572947 0.521716 0.629994 0.694296 0.841335 0.581592 0.491296 0.438281 0.41008 0.519419 0.433457 0.413718 0.503578 0.510291 0.446525 0.536469 0.487828 0.456185 0.485231 0.618069 0.502766 0.483864 0.63409 0.493746 0.529841 0.465295 0.455802 0.493367 0.693434 0.451266 0.471866 0.425309 0.610017 0.432321 0.407928 0.480307 0.487895 0.399889 0.624542 0.553597 0.388962 0.430074 0.485222 0.545952 0.432677 0.468778 0.384143 0.507791 0.510182 0.493551 0.360473 0.357918 0.505553 0.516801 0.357659 0.584885 0.378896 0.463967 0.396785 0.378054 0.414653 0.547141 0.403857 0.373125 0.364858 0.4865 0.36566 0.507386 0.515834 0.378353 0.471029 0.402354 0.480828 0.363152 0.466394 0.353583 0.699934 0.48406 0.474748 0.378702 0.492433 0.515413 0.474739 0.386711 0.398923 0.513107 0.400802 0.666358 0.371795 0.379853 0.365368 0.556038 0.378026 0.594678 0.365599 0.519133 0.550793 0.56003 0.528341 0.477153 0.41157 0.494921 0.483076 0.451459 0.416625
0.2
