0.3252 -0.2212 -0.2752 0.2776 -0.2228 -0.2364 -0.2316 0.2292 0.2156 0.2828 -0.1804 -0.2064 -0.256 0.2672 -0.2376 -0.2024 -0.2772 -0.1952 -0.2196 -0.26 0.252 0.2116 0.2652 -0.2308 -0.2096 -0.2596 -0.2072 -0.23 0.2516 -0.2576 -0.2144 -0.1936 -0.2632 0.2832 0.3076 -0.2048 -0.2588 -0.2756 0.3264 0.2712 0.244 -0.202 -0.2104 0.2648 -0.2704 0.2536 0.218 -0.2308 -0.21 -0.278 -0.2484 -0.276 -0.21 -0.2472 -0.2064 0.2708 0.2624 0.2728 -0.2784 -0.2648 -0.216 -0.2688 0.2032 0.3036 -0.2588 -0.248 -0.1836 -0.2292 0.2764 -0.1928 0.2588 -0.224 0.2028 0.3244 0.2648 -0.2532 -0.2436 -0.2756 0.3232 -0.2188 0.262 0.2428 -0.266 -0.2712 -0.2324 -0.268 -0.258 -0.2116 0.3208 -0.2628 -0.1968 0.2656 -0.2044 -0.2364 0.2068 0.2784 0.3096 -0.2112 -0.194 -0.2628 -0.216 0.2948 -0.1936 0.2416 -0.2216 0.2544 0.2744 -0.212 0.2392 0.2352 0.3312 -0.2668 -0.2292 -0.2276 0.274 0.2884 -0.2768 0.33 0.326 -0.2744 0.2364 -0.2216 -0.2228 -0.2008 -0.2188 -0.258 0.2652 0.2704 0.306 -0.258 -0.2076 -0.2076 0.2872 0.2728 -0.2716 -0.2204 -0.2652 -0.2336 -0.2088 0.3068 -0.2016 0.2564 -0.2056 -0.2188 -0.2288 0.204 -0.2476 -0.2224 0.2608 -0.2624 -0.2188 0.2516 -0.2188 -0.24 -0.2772 -0.2768 -0.2148 -0.2672 0.3216 0.3128 -0.274 0.2724 0.2436 -0.1824 0.2816 0.2688 0.252 0.3176 0.302 -0.2752 0.284 0.2972 -0.1992 0.3112 0.2524 -0.2636 -0.2088 0.2556 -0.2344 0.3244 0.3352 0.2168 -0.2508 -0.2152 -0.2152 0.26 0.2388 -0.1876 0.2116 -0.2576 -0.2708 -0.2516 -0.2096 0.2684
0.1048 0.0256 -0.0292 0.092 -0.0904 0.0344 -0.0652 0.1108 0.06 0.0392 -0.078 -0.0236 0.0452 0.104 0.0216 -0.0256 -0.0436 -0.0748 0.0064 -0.07 0.0084 0.2004 0.0884 0.0416 -0.0012 -0.1304 -0.0444 -0.076 0.1308 -0.1364 -0.0036 -0.0368 -0.052 0.208 0.0968 -0.0436 0.04 -0.0532 0.0212 0.1444 0.0016 -0.1544 -0.1632 -0.0148 0.0148 0.0828 0.2052 -0.0556 0.0068 0.0136 -0.042 -0.0048 -0.0032 0.0392 -0.0488 0.0716 0.1272 0.0112 -0.0076 -0.0764 -0.0756 -0.0868 0.1312 0.1688 -0.0664 0.0424 -0.1056 -0.0532 0.0132 -0.1376 0.0324 0.0244 0.1472 0.0452 0.08 0.0404 0.0384 -0.0012 0.0312 -0.0472 0.1188 0.0776 0.0292 -0.0712 -0.0204 0.0348 -0.0712 0.008 0.1064 -0.0448 -0.0472 0.0372 0.0236 -0.0588 0.1868 0.1944 0.1612 0.0048 -0.02 -0.056 -0.1676 -0.01 -0.0988 0.2296 0.0308 0.0872 0.0752 -0.0916 0.2044 0.0572 0.0252 -0.1068 -0.0632 0.0248 0.0176 0.12 0.0084 0.058 0.0104 -0.0148 0.0116 0.0216 -0.1696 -0.0132 -0.0552 0.0404 0.126 0.1204 0.0072 -0.0396 0 -0.0364 0.2008 0.1112 0.0064 -0.042 -0.0676 -0.1668 -0.1108 0.1584 -0.0544 0.0568 -0.0316 -0.0556 -0.0564 0.1388 0.0412 -0.0028 0.1348 -0.0904 -0.06 0.2252 0.02 -0.0724 -0.0412 0.0148 0.0036 -0.0344 0.1052 0.1596 -0.042 -0.0184 0.1848 -0.0984 0.0872 0.0356 0.03 -0.0036 0.0308 -0.0628 0.1796 0.1172 0.0044 0.0144 0.0772 -0.1184 -0.04 0.1712 -0.0576 0.0292 0.0516 0.0548 0.044 -0.0576 0.0136 0.03 0.1284 -0.046 0.1868 0.0468 -0.084 0.0004 -0.0436 0.0256
-0.242154 -0.526806 0.0457817 -0.504862 -0.609864 -0.367537 -0.460916 -0.855783 -0.98812 -0.462103 -1.20591 -0.702061 -0.174398 -0.573904 -0.344779 -0.755228 0.050564 -0.923621 -0.536753 -0.174638 -0.664577 -1.04495 -0.582614 -0.435201 -0.654694 -0.348233 -0.710793 -0.498775 -0.687431 -0.389669 -0.596908 -0.888793 -0.109353 -0.527811 -0.333094 -0.740439 -0.138768 0.0188002 -0.21607 -0.563757 -0.7254 -1.10962 -1.02793 -0.574886 0.00436868 -0.660493 -0.985327 -0.453762 -0.650374 0.0868622 -0.249414 0.067736 -0.649895 -0.258696 -0.726382 -0.542424 -0.612936 -0.522281 0.0933045 -0.139075 -0.654434 -0.123047 -1.12886 -0.388346 -0.17985 -0.254066 -1.22815 -0.46754 -0.499504 -1.18439 -0.616985 -0.494492 -1.13273 -0.229596 -0.583269 -0.197534 -0.295505 0.063747 -0.23388 -0.575306 -0.612608 -0.73967 -0.0521148 -0.0617457 -0.399851 -0.0365085 -0.197592 -0.631114 -0.265824 -0.10312 -0.853484 -0.571089 -0.727704 -0.398914 -1.0907 -0.547091 -0.351507 -0.635418 -0.86987 -0.119922 -0.973931 -0.388637 -1.00989 -0.810049 -0.526233 -0.655737 -0.520391 -0.738049 -0.810785 -0.799255 -0.191451 -0.199099 -0.483328 -0.454875 -0.514888 -0.449984 0.0756557 -0.202908 -0.21751 0.0472812 -0.787659 -0.519729 -0.8976 -0.77026 -0.586293 -0.147576 -0.594251 -0.558988 -0.325129 -0.146633 -0.679525 -0.697149 -0.499884 -0.540666 0.0200091 -0.550812 -0.116326 -0.759552 -0.831318 -0.365078 -0.796755 -0.636395 -0.718127 -0.586887 -0.47665 -1.11758 -0.256809 -0.504494 -0.626342 -0.197272 -0.593707 -0.736931 -0.550763 -0.385558 0.0538103 0.0732511 -0.592176 -0.044524 -0.26115 -0.333479 0.0185115 -0.525158 -0.767534 -1.22732 -0.479122 -0.549811 -0.665418 -0.261825 -0.349087 -0.00277085 -0.505114 -0.398482 -0.790072 -0.296792 -0.668015 -0.267653 -0.685859 -0.677161 -0.418246 -0.227331 -0.174778 -0.975278 -0.226884 -0.631668 -0.589759 -0.60847 -0.780919 -0.996297 -1.03891 -0.159934 -0.0955524 -0.190522 -0.679996 -0.551575
1 1 1 2 1 4 1 1 2 2 1 4 1 2 2 1 1 1 2 3 1 1 4 1 3 3 2 1 1 1 2 1 2 1 1 2 1 2 1 2 2 1 2 2 2 3 2 2 1 1 1 1 2 3 1 2 2 1 1 2 1 2 1 1 3 1 1 4 2 2 3 4 3 2 3 2 4 2 3 3 3 1 2 1 1 1 3 2 1 2 1 2 3 4 1 2 1 2 1 3 1 1 1 2 1 1 2 1 2 1 1 1 1 2 4 1 3 2 2 1 1 2 3 1 1 1 2 3 3 2 1 3 2 2 1 2 2 1 1 1 1 2 3 1 2 2 1 2 1 3 1 1 1 4 2 1 2 2 1 1 1 1 4 1 2 2 1 2 2 1 1 1 1 2 2 1 3 3 3 1 1 2 1 1 2 3 1 1 2 1 1 2 2 3
1 1 1 2 1 4 1 1 2 2 1 4 1 2 2 1 1 1 2 3 1 1 4 1 3 3 2 1 1 1 2 1 2 1 1 2 1 2 1 2 2 1 2 2 2 3 2 2 1 1 1 1 2 3 1 2 2 1 1 2 1 2 1 1 3 1 1 4 2 2 3 4 3 2 3 2 4 2 3 3 3 1 2 1 1 1 3 2 1 2 1 2 3 4 1 2 1 2 1 3 1 1 1 2 1 1 2 1 2 1 1 1 1 2 4 1 3 2 2 1 1 2 3 1 1 1 2 3 3 2 1 3 2 2 1 2 2 1 1 1 1 2 3 1 2 2 1 2 1 3 1 1 1 4 2 1 2 2 1 1 1 1 4 1 2 2 1 2 2 1 1 1 1 2 2 1 3 3 3 1 1 2 1 1 2 3 1 1 2 1 1 2 2 3
0.872065 0.462026 0.614484 0.584823 0.339073 1.33541 0.539494 0.470469 0.806893 0.550736 0.829547 1.25793 0.452728 0.889593 0.647062 0.623429 0.589411 0.333155 0.580641 0.996223 0.547391 0.723806 1.20854 0.424903 0.931002 1.25356 0.656196 0.389129 0.521589 0.624245 0.57277 0.361659 0.832718 1.13109 0.560111 1.10338 0.650891 0.804933 0.65464 0.688949 1.22983 0.72173 1.12538 0.882565 0.998735 1.16604 0.698734 0.777869 0.503787 0.510088 0.572443 0.844496 0.708792 0.998757 0.529942 0.591652 1.23117 0.682774 0.708973 1.03017 0.348068 1.01743 0.810824 0.609105 1.01006 0.486332 0.880609 1.05022 0.857777 0.961558 1.19377 1.04912 1.26944 0.678717 0.878154 0.766478 1.08386 1.01281 1.04795 0.968325 1.19137 0.51548 0.726806 0.993283 0.5349 0.526482 1.00008 1.19457 1.14001 0.738389 0.373251 0.691282 1.15639 1.21584 0.920315 0.627761 0.743766 0.723094 0.3641 1.04984 0.693921 0.592443 0.334521 1.20827 0.411241 0.904033 0.574237 0.326583 0.647337 0.485729 1.07686 0.660446 0.504965 0.626544 1.39698 0.556219 1.06987 0.97687 0.994339 0.689783 0.840781 1.03772 1.16944 0.41002 0.750442 0.613873 0.845585 0.968098 1.29007 0.667663 0.54657 0.892366 0.831364 0.807905 0.982089 0.661352 0.974181 0.679191 0.325427 0.771753 0.390214 0.812871 0.999079 0.595652 0.645445 0.752335 0.550752 0.559268 0.703476 1.00399 0.446065 0.659325 0.642823 1.2494 0.897162 0.521481 0.596633 0.713534 0.659306 0.744354 0.759196 1.09264 1.61063 0.780339 0.55701 0.61964 0.528405 0.960876 0.598694 0.568117 0.598219 0.5481 0.388745 0.877909 1.07508 0.801966 1.13826 0.940955 0.879599 0.729514 1.01416 0.808357 0.460957 0.466805 0.714523 1.19904 0.477923 0.354005 0.710361 0.460599 0.676519 0.604194 0.696606 0.930957
2 2 2 2 2 2 2 2 2 2 2 2 2 2 2 2 2 2 2 2 2 2 2 2 2 2 2 2 2 2 2 2 2 1 2 2 2 2 2 2 2 2 2 2 2 2 2 2 2 2 2 2 2 2 2 2 2 2 2 1 2 2 2 2 2 2 2 2 2 2 2 2 2 2 2 2 2 1 2 2 2 2 2 2 2 2 2 1 2 2 2 2 2 2 2 2 2 2 2 2 2 2 2 2 2 2 2 2 2 2 1 2 2 2 2 2 2 2 2 2 2 2 2 2 2 2 2 2 2 2 2 2 2 2 2 2 2 2 2 2 2 2 2 2 2 2 2 2 2 2 2 2 2 2 2 2 2 2 2 2 2 2 2 2 2 2 2 2 2 2 2 2 2 2 2 2 1 2 2 2 2 2 2 2 2 2 2 2 2 2 2 2 2 2
-10 -10 -10 -10 -10 -10 -10 -10 -10 -10 -10 -10 -10 -10 -10 -10 -10 -10 -10 -10 -10 -10 -10 -10 -10 -10 -10 -10 -10 -10 -10 -10 -10 1.13109 -10 -10 -10 -10 -10 -10 -10 -10 -10 -10 -10 -10 -10 -10 -10 -10 -10 -10 -10 -10 -10 -10 -10 -10 -10 1.03017 -10 -10 -10 -10 -10 -10 -10 -10 -10 -10 -10 -10 -10 -10 -10 -10 -10 1.01281 -10 -10 -10 -10 -10 -10 -10 -10 -10 1.19457 -10 -10 -10 -10 -10 -10 -10 -10 -10 -10 -10 -10 -10 -10 -10 -10 -10 -10 -10 -10 -10 -10 1.07686 -10 -10 -10 -10 -10 -10 -10 -10 -10 -10 -10 -10 -10 -10 -10 -10 -10 -10 -10 -10 -10 -10 -10 -10 -10 -10 -10 -10 -10 -10 -10 -10 -10 -10 -10 -10 -10 -10 -10 -10 -10 -10 -10 -10 -10 -10 -10 -10 -10 -10 -10 -10 -10 -10 -10 -10 -10 -10 -10 -10 -10 -10 -10 -10 -10 1.13826 -10 -10 -10 -10 -10 -10 -10 -10 -10 -10 -10 -10 -10 -10 -10 -10 -10
0.0764569 0.0492817 0.0612132 0.0292544 0.00957384 0.00572261 0.0122763 0.0202533 0.00534411 0.0297349 0.0765617 0.0053558 0.0275193 0.0261175 0.00894159 0.0475905 0.0497272 0.0215775 0.0307431 0.00836386 0.0142202 0.0529146 0.0187574 0.0123787 0.0371048 0.00705304 0.0150078 0.0101141 0.0185535 0.016174 0.0407177 0.0302938 0.00997685 0.00451568 0.0144083 0.0402781 0.0594193 0.012477 0.0171687 0.0144753 0.0611232 0.068595 0.00803709 0.0110464 0.00718205 0.00722952 0.0124572 0.0156989 0.0515207 0.0143267 0.0129148 0.0774803 0.0569377 0.029822 0.0368972 0.038869 0.018961 0.0528789 0.0613155 0.00451568 0.0181556 0.00862623 0.075934 0.0596646 0.00720253 0.0490402 0.0601184 0.0175315 0.0396545 0.0187203 0.0116087 0.0207008 0.0503968 0.0128281 0.0107832 0.0265461 0.0147416 0.00451568 0.04538 0.0280591 0.00910955 0.0361328 0.00969588 0.0496439 0.0302902 0.0512697 0.0080414 0.00451568 0.0487256 0.0105205 0.0356153 0.0541509 0.0278185 0.0108301 0.0221614 0.0109396 0.0790795 0.0464222 0.0233876 0.0102886 0.0243022 0.0175328 0.00754155 0.00566372 0.0307919 0.0344601 0.0366341 0.013988 0.00631927 0.0279988 0.00451568 0.0546031 0.0141774 0.0474027 0.0584098 0.021163 0.029554 0.0343519 0.00848813 0.0586756 0.0581037 0.0599401 0.0661872 0.0431909 0.0244469 0.0585024 0.0177997 0.0203818 0.00736388 0.0142561 0.0520165 0.0408517 0.028736 0.0230254 0.0634971 0.0291486 0.00649766 0.0553142 0.00737872 0.0526642 0.0352439 0.041117 0.0381378 0.0242737 0.0166596 0.00938634 0.0556846 0.0248195 0.0168676 0.00634901 0.022419 0.057136 0.0556948 0.00661457 0.00485168 0.0419657 0.048192 0.00542775 0.0607282 0.0367019 0.0530124 0.0445478 0.00638782 0.00638436 0.0307635 0.055319 0.0416088 0.00694342 0.00830481 0.0319279 0.0176515 0.0244223 0.0101509 0.0658368 0.0384886 0.0622998 0.00451568 0.0090792 0.0130934 0.0560644 0.059379 0.012311 0.0399964 0.0262613 0.0135958 0.0061325 0.0188146 0.0111923 0.00557935 0.0123907 0.0772737 0.0105435 0.037658 0.0410088
0.0764569 0.0492817 0.0612132 0.0292544 0.00957384 0.06411 0.0122763 0.0202533 0.00534411 0.0542841 0.0765617 0.0498004 0.0275193 0.0261175 0.0645265 0.0475905 0.0497272 0.0215775 0.0615869 0.00947291 0.0142202 0.0529146 0.0325019 0.0123787 0.0562882 0.0702398 0.0387924 0.0101141 0.0185535 0.016174 0.0577809 0.0302938 0.0147524 0.0398705 0.0347438 0.0402781 0.0594193 0.0838004 0.0171687 0.0144753 0.0935832 0.068595 0.0441679 0.0110464 0.0707663 0.0362789 0.0124572 0.0156989 0.0515207 0.0143267 0.0129148 0.0774803 0.0569377 0.0646408 0.0368972 0.038869 0.018961 0.0528789 0.0613155 0.0164598 0.0181556 0.04802 0.075934 0.0596646 0.00903906 0.0490402 0.0602481 0.0175315 0.0578794 0.0835735 0.0507854 0.0605409 0.0692426 0.0754715 0.0361416 0.0623997 0.0633804 0.0774187 0.0662264 0.0280591 0.0216405 0.0361328 0.0793786 0.0496439 0.0302902 0.0512697 0.0080414 0.0543884 0.0582651 0.0158265 0.0356153 0.0541509 0.078843 0.011808 0.0271931 0.0236486 0.0790795 0.0562796 0.0233876 0.013674 0.0243377 0.0175328 0.00754155 0.00618565 0.0307919 0.0344601 0.0366341 0.013988 0.00631927 0.0279988 0.126692 0.0546031 0.0141774 0.066201 0.0584098 0.021163 0.0681727 0.0645067 0.0176522 0.0586756 0.0581037 0.0599401 0.0685724 0.0431909 0.0244469 0.0585024 0.0191054 0.0203818 0.0585293 0.0142561 0.0520165 0.0428646 0.0773687 0.0230254 0.0634971 0.0291486 0.0165369 0.0553142 0.00737872 0.0526642 0.0352439 0.0463342 0.046141 0.0242737 0.0166596 0.00938634 0.0556846 0.0525413 0.0168676 0.0136176 0.022419 0.057136 0.0556948 0.0072707 0.0643667 0.0419657 0.0604863 0.0246681 0.0607282 0.0367019 0.0530124 0.0445478 0.00638782 0.00744322 0.0307635 0.055319 0.0416088 0.00694342 0.0632249 0.0319279 0.019887 0.0244223 0.0101509 0.0658368 0.0384886 0.0622998 0.0401685 0.0090792 0.0130934 0.0560644 0.0594703 0.012311 0.0399964 0.0262613 0.0565523 0.0512874 0.0188146 0.0111923 0.00557935 0.0123907 0.0772737 0.0347103 0.037658 0.0565793
0.502896 0.520438 2.08748 0.531865 0.531404 0.61744 0.606088 3.76887 0.615397 0.561089 2.20083 0.618368 0.560549 3.77513 2.3984 0.626691 0.525316 0.557441 2.85528 0.617217 2.71682 0.616055 0.575258 0.584799 3.30903 2.55085 0.581206 0.510384 6.24042 0.578807 3.24046 0.547382 8.84598 0 0.587157 2.2512 0.5953 2.45092 2.69304 0.552725 2.28733 2.35136 0.610252 0.608823 0.614974 0.613992 0.601457 0.547897 0.538963 0.581821 2.25754 8.32057 3.06347 2.98162 0.597845 0.529236 0.587991 2.77542 0.590101 0 0.519714 0.609908 0.590443 0.618055 0.611897 0.522605 0.544523 0.525996 3.50297 2.57264 0.609252 0.572262 4.11712 0.585964 0.589438 0.563783 0.581899 0 0.537672 3.56569 0.608982 5.36184 2.43372 0.590188 2.64749 0.52203 0.61462 0 2.13094 4.51795 0.52548 0.543569 0.562061 0.609923 2.82199 0.599085 0.619345 0.535214 0.564175 0.596935 0.566206 2.73747 0.586474 0.616889 0.553879 3.55875 0.531917 0.547433 0.575856 3.63954 0 0.522358 0.58009 3.67379 0.543751 0.549383 2.97211 3.20731 0.609168 2.69947 0.595666 0.617631 0.567789 0.521155 0.527106 0.567243 2.63907 0.525546 0.610126 2.45191 0.575626 3.49741 0.561329 0.626067 0.582888 2.83149 0.585149 2.12281 0.572279 0.522762 0.516312 3.62488 0.547882 0.626756 0.557987 0.607203 0.535277 2.59026 2.29491 0.615253 0.538443 0.6087 0.623251 0.610779 0.601845 0.53733 3.64074 3.51906 0.60689 3.586 5.39106 0.509935 3.44013 0.597672 0.53841 0.527129 4.89158 0.613906 0.596034 0.554693 0.58793 0.565956 0.588379 0.605718 5.59458 0.597122 0 0.547056 2.71839 3.50023 0.592153 0.607657 0.538809 0.552181 0.583831 0.616313 4.95932 0.584996 0.603534 0.585064 2.08652 2.28196 0.52468 0.544046
0.568227 0.518314 0.360235 0.4856 0.486788 0.211546 0.255518 0.661214 0.219898 0.40023 0.397345 0.207684 0.401773 0.661105 0.454756 0.170007 0.504345 0.410949 0.547521 0.212407 0.52358 0.217352 0.357228 0.32721 0.612269 0.490525 0.338658 0.546956 0.796566 0.346175 0.603643 0.440565 0.856738 -2 0.319771 0.412851 0.293157 0.467329 0.518927 0.42513 0.423102 0.440847 0.239808 0.245267 0.221565 0.22547 0.271882 0.439272 0.465205 0.336696 0.415155 0.847799 0.579219 0.567819 0.284531 0.493149 0.317256 0.532938 0.3104 -2 0.520318 0.241121 0.309269 0.209143 0.233499 0.512105 0.449095 0.50245 0.634436 0.494464 0.243654 0.366444 0.690116 0.323538 0.312264 0.392131 0.336477 -2 0.468809 0.640611 0.244605 0.762918 0.463412 0.310091 0.509337 0.513759 0.22293 -2 0.37624 0.718621 0.503845 0.451861 0.397287 0.241135 0.542173 0.280061 0.20259 0.475901 0.390898 0.287617 0.384826 0.527275 0.321681 0.213822 0.421528 0.641162 0.485436 0.440355 0.355561 0.648753 -2 0.512838 0.342449 0.651812 0.451336 0.434845 0.566369 0.599526 0.243899 0.521194 0.291896 0.209728 0.380288 0.516239 0.499077 0.381941 0.50829 0.503732 0.240265 0.468544 0.356343 0.633812 0.399485 0.173195 0.333598 0.54282 0.326393 0.371902 0.366174 0.51153 0.530075 0.647081 0.43915 0.169624 0.409409 0.251287 0.475833 0.4979 0.425183 0.220363 0.466713 0.245868 0.186573 0.237764 0.270226 0.469783 0.648545 0.636941 0.251397 0.643216 0.764641 0.548156 0.627507 0.284711 0.466719 0.499178 0.739928 0.225813 0.290367 0.419144 0.317323 0.385702 0.315645 0.25685 0.772746 0.286991 -2 0.441566 0.523457 0.633644 0.303626 0.249582 0.4655 0.426743 0.330341 0.216171 0.743705 0.326527 0.264596 0.326371 0.358951 0.4236 0.506175 0.450331
2.2075 0.522763 0.60824 2.80733 0.585738 0.532008 0.585594 3.9949 9.34964 3.41536 0.511881 0.533091 0.542676 2.86294 0.541157 0.528856 0.616447 0.541131 0.531909 0.613632 6.10431 3.26113 3.09958 0.522762 0.52496 0.624069 0.545281 0.588463 2.87613 0.622908 0.531815 0.521777 0.6092 2.09109 2.39056 0.541543 0.548755 0.619095 2.79868 2.45653 7.70281 0.562321 0.574957 5.94857 0.577182 3.52551 2.97733 0.580177 0.521211 0.584958 0.591266 0.595168 0.526496 0.538825 0.54645 3.20705 2.71186 4.41865 0.598965 0.619201 0.571956 0.624481 6.06034 2.08543 0.611409 0.537455 0.52425 0.577199 4.19209 0.545952 4.54887 0.526144 5.25576 2.60005 3.23286 0.543436 0.536086 0.59256 2.74264 0.561841 2.80071 4.11927 0.562967 0.622064 0.562267 0.560795 0.612486 0.522335 2.22975 0.605634 0.531607 4.06055 0.507632 0.587698 3.70757 2.15994 2.07698 0.523584 0.514643 0.610557 0.582217 4.00988 0.545899 2.38294 0.520355 3.41713 3.07098 0.572756 2.5212 5.45777 2.69557 0.626614 0.582065 0.529419 4.18566 2.4278 0.587386 2.44275 2.9214 0.59976 8.4443 0.525353 0.59057 0.520454 0.566002 0.547757 2.67769 2.64785 3.35162 0.598924 0.522023 0.541582 2.08588 2.69427 0.583997 0.560981 0.616732 0.602608 0.573515 2.10154 0.542339 3.98444 0.536326 0.566204 0.578358 5.46082 0.53788 0.54041 2.66977 0.621127 0.568386 2.28565 0.523441 0.597206 0.615425 0.583048 0.528235 0.604264 2.23012 2.06528 0.613354 5.4581 2.56507 0.520466 2.79106 3.96175 5.10435 3.25591 3.09455 0.622151 2.17056 2.35951 0.51033 3.13348 3.68333 0.625865 0.545119 2.47871 0.585034 2.74603 2.43897 9.59029 0.538888 0.562676 0.523206 4.55375 3.23472 0.51608 3.42971 0.542992 0.625103 0.568996 0.548106 4.23426
0.399435 0.511696 0.247584 0.539344 0.324102 0.485225 0.324682 0.680794 0.864544 0.62448 0.54261 0.482026 0.454464 0.548975 0.458824 0.494189 0.215813 0.458723 0.485469 0.226797 0.791959 0.607345 0.585011 0.511719 0.505381 0.181934 0.446729 0.315371 0.551452 0.187131 0.485724 0.514437 0.243865 0.362007 0.451433 0.457589 0.436767 0.204812 0.537018 0.468524 0.83535 0.396177 0.357697 0.786399 0.351501 0.636912 0.568248 0.341902 0.516109 0.327037 0.306376 0.293587 0.500983 0.465599 0.443314 0.599379 0.522424 0.711487 0.280685 0.20414 0.367295 0.180726 0.790801 0.358932 0.235421 0.469558 0.507269 0.351211 0.695602 0.444566 0.71998 0.502027 0.758534 0.499145 0.60278 0.452251 0.473499 0.302291 0.527011 0.397948 0.53849 0.690452 0.394784 0.191847 0.396747 0.40128 0.231246 0.512899 0.406429 0.257006 0.486257 0.68566 0.554798 0.317936 0.655923 0.385881 0.35556 0.509325 0.534808 0.238739 0.334927 0.681337 0.444814 0.451675 0.518578 0.625041 0.58084 0.364785 0.484326 0.767243 0.518057 0.170295 0.335925 0.492644 0.695147 0.461173 0.319226 0.463835 0.557547 0.277909 0.849883 0.504286 0.307917 0.518246 0.385443 0.439682 0.515865 0.509916 0.616824 0.280663 0.51378 0.457489 0.359901 0.518882 0.330074 0.400528 0.21445 0.266848 0.362381 0.364626 0.45526 0.679631 0.472695 0.384833 0.347593 0.767659 0.46833 0.460944 0.514431 0.19573 0.378221 0.425317 0.509752 0.28635 0.219941 0.333117 0.496011 0.261989 0.406516 0.351043 0.228107 0.767003 0.493648 0.518101 0.53643 0.677633 0.750844 0.605015 0.583776 0.191551 0.389092 0.443694 0.547109 0.589044 0.652883 0.173705 0.44721 0.474159 0.326509 0.527613 0.462808 0.867944 0.465423 0.395422 0.510418 0.720274 0.603422 0.530684 0.627203 0.453551 0.177864 0.376555 0.438492 0.698756
0.2
