-0.2428 -0.244 -0.2448 -0.2496 -0.2456 -0.2416 -0.2512 -0.242 -0.2496 -0.2452 -0.2436 -0.246 -0.2528 -0.2424 -0.2444 -0.2464 -0.2596 -0.2468 -0.2488 -0.2504 -0.2492 -0.2484 -0.2396 -0.2476 -0.2468 -0.26 -0.2516 -0.25 -0.2372 -0.2568 -0.24 -0.2584 -0.2444 -0.2416 -0.2348 -0.2524 -0.2428 -0.2332 -0.2368 -0.2312 -0.2444 -0.24 -0.2536 -0.2448 -0.2348 -0.2296 -0.2412 -0.2284 -0.2624 -0.2268 -0.2316 -0.2256 -0.222 -0.216 -0.262 -0.2588 -0.22 -0.2584 -0.2548 -0.2176 -0.2616 -0.2116 -0.2276 -0.2248 -0.2612 -0.2144 -0.22 -0.2468 -0.212 -0.2492 -0.2608 -0.2292 -0.2168 -0.2532 -0.2104 -0.2144 -0.2308 -0.2208 -0.2248 -0.26 -0.2188 -0.212 -0.2516 -0.2628 -0.2228 -0.2168 -0.264 -0.2268 -0.2208 -0.2136 -0.2508 -0.2248 -0.2184 -0.2488 -0.2288 -0.2224 -0.2616 -0.2156 -0.2268 -0.2196 -0.2596 -0.2544 -0.2328 -0.2488 -0.224 0.2948 -0.2524 0.2744 0.276 -0.2304 0.2796 0.3004 -0.2168 -0.2204 0.2964 -0.2476 -0.2256 0.2688 0.2868 0.2744 -0.2468 -0.2224 -0.2516 -0.2272 -0.2108 0.2888 -0.2312 -0.2184 0.3068 -0.248 0.29 0.272 0.3028 -0.2356 -0.2152 0.2672 0.2712 -0.2512 -0.2284 -0.2248 0.2584 0.3012 -0.2476 -0.2324 -0.214 0.2552 0.2536 0.272 0.2808 0.2528 0.3036 -0.2508 -0.246 0.2808 0.2636 -0.2396 -0.2372 -0.2336 -0.23 0.2936 -0.2224 0.2848 0.2988 -0.2444 0.2812 0.2936 0.3016 0.2768 -0.2416 -0.2312 -0.2212 0.268 -0.2352 0.3108 0.294 0.3076 -0.2412 -0.224 0.3164 0.2544 0.2636 0.2668 0.3168 0.2496 0.276 0.3076 -0.2264 -0.22 -0.2172 0.2808 -0.2328 -0.2296 -0.2152 0.2984 0.316 -0.2384 0.2548 0.25 0.3012 -0.2448 -0.2184 0.3096 -0.236 -0.226 0.2564 0.2576 -0.2172 0.3156 -0.2288 -0.2208 0.2588 0.2724 0.3104 -0.2244 0.2424 -0.2336 0.3216 -0.2468 0.318 -0.2428 -0.22 0.256 0.2624 -0.2268 -0.2344 -0.2288 -0.2404 0.3196 0.262 0.2372 0.2552 -0.2464 0.2636 0.2348 0.2364 -0.238 -0.2312 0.2412 0.244 0.326 0.2448 0.2492 0.2584 0.2428 -0.2452 0.2444 0.2468 0.3248 -0.2416 -0.232 0.236 -0.242 -0.2444 0.2516 -0.238 -0.232 0.2604 0.3264 -0.2456 0.246 0.3052 -0.238 0.2988 0.3292 0.326 -0.244 0.254 0.2308 0.2292 0.2496 0.2344 0.2992 0.2352 0.2336 0.3028 0.23 -0.2544 0.2504 0.3 0.2584 0.2444 0.2272 0.306 0.2988 0.2388 0.3044 0.246 0.2556 0.2772 0.2248 0.3304 0.2492 0.2232 0.2344 0.24 0.3012 0.2404 0.3056 0.2328 0.242 0.3044 0.2248 0.2836 0.3068 0.2292 0.2464 0.226 0.2224 0.258 0.2536 0.2348 0.2432 0.2568 0.2676 0.236 0.2208 0.2292 0.256 0.2364 0.2196 0.226 0.2216 0.2388 0.2236 0.2452 0.2184 0.2472 0.2484 0.2292 0.2316 0.2264 0.234 0.242 0.2188 0.22 0.2224 0.26 0.2384 0.2504 0.2168 0.2228 0.2352 0.216 0.2176 0.2192 0.2496 0.2576 0.2324 0.2496 0.2456 0.2188 0.2208 0.224 0.2296 0.2272 0.2156 0.2168 0.2916 0.234 0.2392 0.2604 0.2208 0.2248 0.2528 0.232 0.2484 0.2656 0.244 0.2648 0.2152 0.228 0.2212 0.2656 0.2252 0.236 0.2792 0.2208 0.3124 0.2312 0.2164 0.2336 0.252 0.2216 0.2548 0.2152 0.2216 0.2276 0.2576 0.2224 0.2392 0.218 0.2304 0.244 0.2664 0.2248 0.2256 0.2472 0.2148 0.2276 0.2368 0.2528 0.2192 0.2416 0.2216 0.2172 0.2348 0.2492 0.2572 0.232 0.2656 0.2136 0.2144 0.2596 0.216 0.2208 0.2284 0.2556 0.2664 0.2916 0.2432 0.2184 0.2456 0.2532 0.2224 0.2332 0.2384 0.2176 0.2144 0.2308 0.2356 0.22 0.2764 0.2572 0.2232 0.248 0.2544 0.2492 0.2512 0.2276 0.2156 0.218 0.23 0.254 0.26 0.2744 0.2372 0.2536 0.2612 0.2592 0.23 0.2736 0.2248 0.2548 0.2604 0.2984 0.222 0.2328 0.2184 0.274 0.2324 0.2216 0.2256 0.252 0.2556 0.2224 0.2384 0.2332 0.2872 0.2276 0.3076 0.2248 0.2388 0.2912 0.2288 0.2216 0.224 0.2404 0.2284 0.2316 0.2232 0.2856 0.2256 0.232 0.2844 0.234 0.2216 0.2396 0.2292 0.2444 0.286 0.224 0.2268 0.2424 0.2324 0.2788 0.2332 0.29 0.2904 0.2828 0.2852 0.224 0.228 0.29 0.28 0.2316 0.2272 0.286 0.2308 0.2836 0.278 0.2724 0.2656 0.2656 0.26 0.256 0.2636 0.2556 0.2424 0.2512 0.246 0.254 0.256
-0.078 -0.0756 -0.078 -0.0788 -0.0776 -0.0708 -0.0696 -0.0624 -0.0528 -0.0584 -0.0576 -0.0592 -0.052 -0.0564 -0.0568 -0.0552 -0.0544 -0.0524 -0.0516 -0.0532 -0.052 -0.0512 -0.0552 -0.0464 -0.0452 -0.0436 -0.0336 -0.0412 -0.0504 -0.0436 -0.0484 -0.0404 -0.0452 -0.0464 -0.0472 -0.0412 -0.0448 -0.0452 -0.0432 -0.0428 -0.0396 -0.0416 -0.0348 -0.0372 -0.0408 -0.0412 -0.0388 -0.0392 -0.0348 -0.038 -0.0372 -0.0368 -0.0364 -0.0364 -0.03 -0.03 -0.0344 -0.0268 -0.0292 -0.034 -0.028 -0.0328 -0.0324 -0.032 -0.026 -0.0308 -0.0304 -0.0284 -0.0288 -0.0272 -0.0232 -0.028 -0.0268 -0.0228 -0.0256 -0.0244 -0.0256 -0.0248 -0.0236 -0.02 -0.0228 -0.0204 -0.0196 -0.018 -0.0212 -0.0208 -0.0168 -0.02 -0.0196 -0.016 -0.0168 -0.018 -0.0172 -0.016 -0.0168 -0.0164 -0.0144 -0.014 -0.0152 -0.0144 -0.0124 -0.0136 -0.0136 -0.012 -0.0132 -0.0144 -0.0112 -0.0128 -0.0128 -0.0124 -0.0132 -0.012 -0.01 -0.0108 -0.012 -0.0104 -0.0112 -0.0084 -0.012 -0.0092 -0.0088 -0.0076 -0.008 -0.0084 -0.006 -0.0104 -0.0084 -0.0056 -0.0072 -0.0044 -0.0092 -0.0056 -0.0072 -0.0068 -0.004 -0.004 -0.004 -0.0052 -0.006 -0.0052 -0.002 -0.0064 -0.0024 -0.006 -0.0024 -0.0004 0.0016 -0.0032 -0.0056 0.0012 -0.004 -0.0036 -0.0016 -0.0044 -0.0032 -0.004 -0.0036 -0.0032 -0.0032 -0.0052 -0.0016 -0.004 -0.0036 0 -0.0024 -0.0028 -0.0012 0.0008 -0.0004 -0.0004 0.0028 0.0008 -0.0004 0.0016 -0.0008 0.0016 0.004 0.004 0.0012 0.0052 0.006 0.0052 0.0052 0.0084 0.0032 0.0036 0.0024 0.004 0.0036 0.0028 0.0028 0.0044 0.0084 0.0012 0.0056 0.0048 0.0072 0.0148 0.0028 0.0044 0.0092 0.0064 0.008 0.0088 0.0084 0.0088 0.0116 0.008 0.0092 0.0108 0.0092 0.0088 0.008 0.0104 0.0168 0.01 0.0096 0.0084 0.0132 0.0096 0.0136 0.0196 0.0136 0.0168 0.0168 0.0148 0.0124 0.0172 0.0164 0.024 0.0184 0.0132 0.0184 0.0264 0.0244 0.0144 0.0176 0.0224 0.0204 0.0188 0.0212 0.0248 0.0232 0.0292 0.0168 0.0288 0.0268 0.02 0.0172 0.0216 0.0288 0.0212 0.0228 0.0296 0.0236 0.0248 0.0324 0.0304 0.028 0.034 0.0224 0.0268 0.0244 0.028 0.0312 0.0296 0.0328 0.0408 0.0424 0.0376 0.0396 0.032 0.0448 0.046 0.0328 0.046 0.0336 0.0432 0.0356 0.0468 0.0436 0.0464 0.038 0.0396 0.0468 0.0396 0.0512 0.0532 0.0436 0.0516 0.05 0.0512 0.0552 0.0556 0.0492 0.0452 0.0532 0.0452 0.0568 0.0572 0.0488 0.0584 0.0512 0.0512 0.0556 0.0596 0.0604 0.0644 0.0664 0.062 0.0608 0.066 0.0684 0.0604 0.0636 0.0688 0.064 0.0664 0.0716 0.0716 0.0704 0.072 0.0708 0.0712 0.0776 0.074 0.0748 0.0752 0.0784 0.0776 0.08 0.0764 0.0848 0.08 0.0812 0.0792 0.0812 0.0888 0.0864 0.0868 0.0848 0.0884 0.0876 0.0888 0.0884 0.0876 0.0872 0.0896 0.0936 0.0956 0.0948 0.0932 0.0916 0.0968 0.0936 0.0972 0.0972 0.096 0.0972 0.1052 0.0972 0.0992 0.0976 0.1 0.1008 0.106 0.1024 0.1084 0.1052 0.1048 0.1056 0.1036 0.106 0.1064 0.1084 0.1056 0.108 0.1072 0.1128 0.11 0.1152 0.1132 0.1096 0.1104 0.1124 0.114 0.1124 0.1172 0.1168 0.1216 0.1196 0.122 0.1192 0.1176 0.1168 0.1208 0.1228 0.12 0.1256 0.128 0.1268 0.124 0.13 0.1244 0.1264 0.128 0.1288 0.128 0.1288 0.1336 0.1296 0.13 0.1336 0.13 0.1316 0.1364 0.1352 0.1368 0.1324 0.1396 0.1332 0.144 0.1348 0.1348 0.1384 0.1424 0.1372 0.1376 0.1408 0.142 0.1408 0.1416 0.1436 0.1432 0.1476 0.1512 0.1528 0.1556 0.1452 0.148 0.1472 0.148 0.1668 0.1552 0.1488 0.1548 0.1576 0.1556 0.1588 0.1516 0.1536 0.15 0.1556 0.1588 0.152 0.1508 0.1512 0.1528 0.1548 0.1556 0.1532 0.1548 0.16 0.1632 0.1564 0.1596 0.158 0.1664 0.1576 0.17 0.1592 0.1636 0.1632 0.1596 0.1608 0.1608 0.1656 0.1624 0.1628 0.1648 0.17 0.1644 0.1648 0.1768 0.1656 0.168 0.1704 0.1672 0.1712 0.1772 0.1684 0.1684 0.1708 0.1692 0.1864 0.1712 0.1776 0.178 0.188 0.18 0.1728 0.172 0.18 0.1804 0.1744 0.1748 0.18 0.1768 0.1848 0.1844 0.1912 0.1948 0.1988 0.202 0.202 0.2036 0.2044 0.206 0.206 0.2068 0.2072 0.2092
-0.368014 -0.350508 -0.347336 -0.299733 -0.338224 -0.365718 -0.264145 -0.346073 -0.251522 -0.306 -0.321364 -0.299005 -0.217155 -0.331986 -0.311746 -0.288417 -0.150471 -0.280009 -0.258044 -0.24383 -0.25448 -0.261615 -0.359485 -0.263287 -0.270066 -0.13072 -0.20692 -0.231788 -0.37781 -0.164009 -0.345498 -0.14341 -0.295134 -0.326026 -0.399026 -0.206803 -0.311387 -0.413611 -0.372739 -0.432258 -0.288436 -0.336973 -0.187251 -0.281638 -0.39127 -0.447771 -0.321174 -0.458665 -0.0953716 -0.474957 -0.4218 -0.486986 -0.526793 -0.595627 -0.094888 -0.128396 -0.547557 -0.12988 -0.169495 -0.574753 -0.0973391 -0.644602 -0.460799 -0.491385 -0.0999124 -0.609415 -0.54407 -0.252469 -0.636486 -0.22638 -0.102041 -0.439655 -0.578169 -0.181349 -0.653585 -0.604693 -0.420472 -0.530801 -0.485051 -0.108363 -0.552374 -0.630975 -0.196115 -0.0777839 -0.505965 -0.574341 -0.0645011 -0.460754 -0.527689 -0.60966 -0.203013 -0.481889 -0.553968 -0.223597 -0.437163 -0.508026 -0.088651 -0.585203 -0.45845 -0.538993 -0.108873 -0.163878 -0.392338 -0.221981 -0.488783 -0.388822 -0.183963 -0.512128 -0.502006 -0.417932 -0.479553 -0.356682 -0.569881 -0.528634 -0.379491 -0.234063 -0.470295 -0.548135 -0.435734 -0.51201 -0.242028 -0.50517 -0.191453 -0.451848 -0.640456 -0.423769 -0.408089 -0.550414 -0.320694 -0.228582 -0.416636 -0.527284 -0.342991 -0.360291 -0.587499 -0.558605 -0.532425 -0.195109 -0.438177 -0.477854 -0.61854 -0.351977 -0.232589 -0.394605 -0.601558 -0.641246 -0.652807 -0.527253 -0.471928 -0.658639 -0.338442 -0.1991 -0.249369 -0.471909 -0.582708 -0.317193 -0.34271 -0.381289 -0.42032 -0.395467 -0.504423 -0.447538 -0.365534 -0.266185 -0.46943 -0.395434 -0.34965 -0.496728 -0.295763 -0.407119 -0.518068 -0.553298 -0.36394 -0.298599 -0.393099 -0.31618 -0.300222 -0.486636 -0.268244 -0.647036 -0.582741 -0.561272 -0.266143 -0.682407 -0.501773 -0.316199 -0.459799 -0.531842 -0.564059 -0.471891 -0.38989 -0.424811 -0.588229 -0.367793 -0.270451 -0.330055 -0.644178 -0.679551 -0.351918 -0.262245 -0.55113 -0.305242 -0.356253 -0.465205 -0.632747 -0.624253 -0.565691 -0.272666 -0.434457 -0.524081 -0.615833 -0.524778 -0.3009 -0.483418 -0.738297 -0.382532 -0.240663 -0.241929 -0.259987 -0.284378 -0.534118 -0.635948 -0.59109 -0.459148 -0.376447 -0.436298 -0.310643 -0.251675 -0.593929 -0.781083 -0.641617 -0.247621 -0.583133 -0.801579 -0.787849 -0.336896 -0.411381 -0.748082 -0.725705 -0.21798 -0.719461 -0.685916 -0.61917 -0.735508 -0.261785 -0.722881 -0.704212 -0.224365 -0.299941 -0.40487 -0.791346 -0.297883 -0.273584 -0.668332 -0.341783 -0.406915 -0.605893 -0.216979 -0.264733 -0.710728 -0.330389 -0.344034 -0.366559 -0.20211 -0.219167 -0.282847 -0.651054 -0.837073 -0.851623 -0.683681 -0.805345 -0.36504 -0.798663 -0.812468 -0.344823 -0.844374 -0.177712 -0.678182 -0.360935 -0.62115 -0.723731 -0.8702 -0.32765 -0.36827 -0.768662 -0.336765 -0.711997 -0.641581 -0.497134 -0.893046 -0.199183 -0.687842 -0.908626 -0.805976 -0.759033 -0.355534 -0.756084 -0.33095 -0.819832 -0.743647 -0.338225 -0.892973 -0.459007 -0.325354 -0.851805 -0.709792 -0.881523 -0.91633 -0.626652 -0.656998 -0.802858 -0.735112 -0.635337 -0.561009 -0.792937 -0.932238 -0.85202 -0.640619 -0.790258 -0.944377 -0.881616 -0.924111 -0.770538 -0.904477 -0.721241 -0.956716 -0.705737 -0.696859 -0.852641 -0.831452 -0.878144 -0.810778 -0.746931 -0.952265 -0.939958 -0.916123 -0.615705 -0.775956 -0.68416 -0.972864 -0.912263 -0.801978 -0.981351 -0.96436 -0.947904 -0.690213 -0.633446 -0.825638 -0.691436 -0.721362 -0.951869 -0.93187 -0.900989 -0.850566 -0.871592 -0.985099 -0.97242 -0.422717 -0.813091 -0.772376 -0.6168 -0.931979 -0.893822 -0.669958 -0.830386 -0.703006 -0.583802 -0.736146 -0.589859 -0.989073 -0.865601 -0.928241 -0.584884 -0.890837 -0.798501 -0.499338 -0.93233 -0.310854 -0.838969 -0.976419 -0.819371 -0.679104 -0.92473 -0.658706 -0.988951 -0.925065 -0.869994 -0.641544 -0.917773 -0.776032 -0.960507 -0.847397 -0.738848 -0.583488 -0.895628 -0.888964 -0.716282 -0.993231 -0.87211 -0.796467 -0.677689 -0.949047 -0.759929 -0.926145 -0.96899 -0.812416 -0.70374 -0.647883 -0.835456 -0.594596 -1.00622 -0.99784 -0.633834 -0.981381 -0.934651 -0.867486 -0.661365 -0.590761 -0.436761 -0.750982 -0.957865 -0.734918 -0.677697 -0.920276 -0.828074 -0.788196 -0.96622 -0.998465 -0.848412 -0.809918 -0.943709 -0.530518 -0.653824 -0.914675 -0.71902 -0.675937 -0.712615 -0.699823 -0.87654 -0.987705 -0.963994 -0.857106 -0.685764 -0.640251 -0.546035 -0.80176 -0.684192 -0.632575 -0.647189 -0.858209 -0.553232 -0.902106 -0.675137 -0.639304 -0.40782 -0.92735 -0.835198 -0.961345 -0.551368 -0.839915 -0.931608 -0.896487 -0.696241 -0.673234 -0.925227 -0.794399 -0.834346 -0.479024 -0.880232 -0.367317 -0.9048 -0.792988 -0.454332 -0.870823 -0.933738 -0.912316 -0.781804 -0.875144 -0.848983 -0.92068 -0.490288 -0.899596 -0.846522 -0.501145 -0.830904 -0.936047 -0.789904 -0.870274 -0.754973 -0.492092 -0.914891 -0.890802 -0.769334 -0.845074 -0.539768 -0.839545 -0.469353 -0.467311 -0.517179 -0.498374 -0.916525 -0.882122 -0.47078 -0.529076 -0.853677 -0.889956 -0.493741 -0.861169 -0.510555 -0.543327 -0.581211 -0.625548 -0.628038 -0.665772 -0.691941 -0.64373 -0.696105 -0.788345 -0.726669 -0.763164 -0.70855 -0.696558
2 2 2 2 2 2 2 2 1 2 2 1 2 2 2 1 2 1 1 1 1 1 2 1 1 2 1 1 2 2 2 2 1 1 2 1 1 2 2 2 1 1 1 1 2 2 1 2 2 2 2 2 2 2 2 2 2 2 1 2 2 2 1 1 2 2 2 1 2 1 2 1 2 1 2 2 1 1 1 2 1 2 1 2 1 1 2 1 1 2 1 1 1 1 1 1 2 2 1 1 2 1 1 1 1 1 1 1 1 1 1 1 2 1 1 1 1 1 1 1 1 1 1 1 2 1 1 2 1 1 1 1 1 1 2 1 1 1 1 1 1 1 1 1 2 1 1 1 1 1 1 1 1 1 1 1 1 1 1 1 2 1 1 1 1 1 1 1 1 1 2 1 1 1 1 1 2 2 1 1 1 1 1 1 1 1 2 2 2 1 2 2 2 1 1 2 1 1 1 2 2 1 2 2 1 1 2 1 2 2 1 1 1 2 1 2 1 2 1 2 2 1 1 2 2 2 2 1 1 1 1 2 1 1 1 2 2 1 1 1 1 1 1 1 2 1 1 1 2 2 1 2 2 1 2 2 2 1 2 1 2 2 2 1 1 2 1 1 1 1 1 2 1 1 2 1 2 1 2 2 1 1 2 2 1 2 1 2 2 1 1 1 1 1 1 2 1 2 1 1 2 1 1 2 1 1 1 1 2 2 1 1 2 2 1 1 1 2 1 1 1 1 1 1 1 1 1 1 1 1 1 1 1 1 1 1 2 1 1 1 1 1 1 1 1 1 2 1 1 1 1 1 1 1 1 1 1 1 1 1 2 1 1 1 1 1 2 1 2 1 1 1 2 1 1 2 1 2 1 1 1 1 1 1 1 1 1 1 1 1 1 1 1 2 1 1 1 1 1 1 1 1 1 1 1 1 1 1 1 2 1 1 1 1 1 1 1 2 1 1 1 1 1 1 1 1 1 1 1 1 1 2 1 1 1 1 1 1 1 1 1 1 2 2 2 1 1 2 2 1 2 1 1 2 1 1 1 1 2 1 1 1 1 2 1 1 1 1 1 1 1 1 1 1 1 1 1 1 1 1 1 1 1 1 1 1 1 1 1 1 1 1 1 1 1 1 1 2 1 1 1 1 2 1 1 1 1 1 1 1 1 2 2 2 2 2 2 2 2 2 2 2
2 2 2 2 2 2 2 2 1 2 2 1 2 2 2 1 2 1 1 1 1 1 2 1 1 2 1 1 2 2 2 2 1 1 2 1 1 2 2 2 1 1 1 1 2 2 1 2 2 2 2 2 2 2 2 2 2 2 1 2 2 2 1 1 2 2 2 1 2 1 2 1 2 1 2 2 1 1 1 2 1 2 1 2 1 1 2 1 1 2 1 1 1 1 1 1 2 2 1 1 2 1 1 1 1 1 1 1 1 1 1 1 2 1 1 1 1 1 1 1 1 1 1 1 2 1 1 2 1 1 1 1 1 1 2 1 1 1 1 1 1 1 1 1 2 1 1 1 1 1 1 1 1 1 1 1 1 1 1 1 2 1 1 1 1 1 1 1 1 1 2 1 1 1 1 1 2 2 1 1 1 1 1 1 1 1 2 2 2 1 2 2 2 1 1 2 1 1 1 2 2 1 2 2 1 1 2 1 2 2 1 1 1 2 1 2 1 2 1 2 2 1 1 2 2 2 2 1 1 1 1 2 1 1 1 2 2 1 1 1 1 1 1 1 2 1 1 1 2 2 1 2 2 1 2 2 2 1 2 1 2 2 2 1 1 2 1 1 1 1 1 2 1 1 2 1 2 1 2 2 1 1 2 2 1 2 1 2 2 1 1 1 1 1 1 2 1 2 1 1 2 1 1 2 1 1 1 1 2 2 1 1 2 2 1 1 1 2 1 1 1 1 1 1 1 1 1 1 1 1 1 1 1 1 1 1 2 1 1 1 1 1 1 1 1 1 2 1 1 1 1 1 1 1 1 1 1 1 1 1 2 1 1 1 1 1 2 1 2 1 1 1 2 1 1 2 1 2 1 1 1 1 1 1 1 1 1 1 1 1 1 1 1 2 1 1 1 1 1 1 1 1 1 1 1 1 1 1 1 2 1 1 1 1 1 1 1 2 1 1 1 1 1 1 1 1 1 1 1 1 1 2 1 1 1 1 1 1 1 1 1 1 2 2 2 1 1 2 2 1 2 1 1 2 1 1 1 1 2 1 1 1 1 2 1 1 1 1 1 1 1 1 1 1 1 1 1 1 1 1 1 1 1 1 1 1 1 1 1 1 1 1 1 1 1 1 1 2 1 1 1 1 2 1 1 1 1 1 1 1 1 2 2 2 2 2 2 2 2 2 2 2
0.616484 0.593303 0.594679 0.639972 0.591161 0.629202 0.642778 0.588037 0.589522 0.570248 0.57054 0.571851 0.625571 0.571643 0.56796 0.571061 0.796917 0.571284 0.582349 0.597079 0.586098 0.580491 0.587256 0.571466 0.565133 0.706847 0.59183 0.584332 0.587046 0.663798 0.560774 0.673814 0.557643 0.554865 0.588728 0.603693 0.55293 0.586344 0.555622 0.580751 0.553429 0.548074 0.610133 0.555524 0.555101 0.574925 0.546331 0.564954 0.690134 0.564469 0.550193 0.561187 0.570053 0.599979 0.672311 0.647609 0.562999 0.638796 0.613648 0.571419 0.666086 0.612449 0.543082 0.545155 0.658516 0.56992 0.548112 0.56087 0.580225 0.573797 0.65184 0.534251 0.549298 0.597816 0.588786 0.554051 0.532703 0.538144 0.53357 0.641043 0.541265 0.565202 0.585484 0.658902 0.535683 0.546284 0.669501 0.53444 0.537262 0.556844 0.581966 0.533782 0.544402 0.572537 0.533963 0.538716 0.650144 0.551087 0.537324 0.543607 0.633829 0.603482 0.540281 0.574349 0.540958 0.675041 0.593381 0.649582 0.636633 0.54032 0.628031 0.662941 0.553312 0.546996 0.628581 0.573261 0.541066 0.601849 0.59837 0.582906 0.572128 0.55094 0.592308 0.545439 0.609717 0.5845 0.544361 0.557988 0.64126 0.581397 0.576899 0.55823 0.603519 0.550253 0.567152 0.561047 0.549338 0.59452 0.550764 0.552235 0.600248 0.589021 0.584957 0.550518 0.579877 0.615938 0.605354 0.545281 0.555454 0.626762 0.58914 0.593173 0.580649 0.554046 0.568778 0.561231 0.558167 0.558256 0.557271 0.570914 0.561047 0.559977 0.579241 0.581104 0.555003 0.577891 0.587862 0.554054 0.572727 0.56233 0.572093 0.538231 0.565813 0.598655 0.594858 0.597106 0.585913 0.573422 0.663028 0.55632 0.5313 0.533836 0.620372 0.569179 0.566257 0.611949 0.57212 0.574252 0.577752 0.595189 0.573455 0.578302 0.6532 0.623863 0.611036 0.582636 0.539965 0.523352 0.65138 0.594717 0.591439 0.639997 0.594034 0.586849 0.527738 0.52633 0.637561 0.60927 0.592146 0.588976 0.524215 0.598867 0.670284 0.589088 0.573896 0.598985 0.657661 0.613228 0.624669 0.607588 0.603634 0.52607 0.542034 0.60099 0.623845 0.603024 0.616313 0.646871 0.553921 0.579277 0.519181 0.635374 0.601238 0.602047 0.591821 0.62192 0.615876 0.541405 0.529047 0.66768 0.522565 0.510737 0.563137 0.505675 0.653858 0.505084 0.507031 0.632141 0.64446 0.619701 0.556019 0.665344 0.684369 0.525382 0.650124 0.614134 0.879217 0.646343 0.696139 0.506061 0.615966 0.640851 0.596514 0.678234 0.667133 0.67248 0.568959 0.543609 0.559152 0.532717 0.516311 0.586691 0.498589 0.500872 0.599574 0.528696 0.695451 0.56872 0.583354 0.842645 0.507372 0.564719 0.610399 0.572012 0.491203 0.596082 0.5318 0.816924 0.552882 0.57455 0.685164 0.587222 0.58105 0.486114 0.49296 0.570102 0.496512 0.591439 0.486335 0.504757 0.578028 0.534437 0.539482 0.586301 0.503872 0.553207 0.51377 0.541757 0.852335 0.864783 0.48456 0.520651 0.806923 0.59982 0.484475 0.550494 0.487689 0.804717 0.484275 0.558048 0.493189 0.527117 0.494232 0.507924 0.539533 0.571854 0.572342 0.599024 0.476589 0.47623 0.481425 0.479119 0.504768 0.540903 0.520178 0.503167 0.812563 0.485825 0.606408 0.553554 0.493007 0.477372 0.565997 0.535294 0.516887 0.582065 0.844088 0.473371 0.561796 0.517338 0.509842 0.497784 0.480856 0.470594 0.473768 0.546648 0.529565 0.539216 0.473524 0.48155 0.846539 0.493996 0.475824 0.584387 0.471221 0.519929 0.818695 0.49291 0.806922 0.539548 0.471624 0.487382 0.808678 0.474798 0.474259 0.59127 0.488307 0.597622 0.470913 0.520372 0.472063 0.535406 0.485089 0.576737 0.535453 0.48557 0.472148 0.6046 0.483371 0.477597 0.506767 0.471311 0.487401 0.81383 0.476531 0.475992 0.498547 0.537419 0.476301 0.47635 0.531067 0.501161 0.483153 0.48776 0.516371 0.47477 0.506988 0.581614 0.473002 0.829506 0.556183 0.547155 0.645323 0.527714 0.497144 0.481721 0.562439 0.839454 0.556886 0.49257 0.513002 0.506609 0.535882 0.492802 0.480729 0.489547 0.521681 0.555198 0.485612 0.484775 0.510784 0.607621 0.617816 0.501649 0.521317 0.602239 0.544206 0.578132 0.494414 0.559449 0.53624 0.49533 0.888605 0.861567 0.612415 0.506937 0.644677 0.854514 0.852975 0.499242 0.608632 0.508333 0.656582 0.879472 0.586608 0.518284 0.497194 0.546719 0.604539 0.505934 0.52561 0.515069 0.632386 0.909276 0.530411 0.520742 0.511225 0.581589 0.517238 0.775321 0.529159 0.534827 0.583799 0.519997 0.550217 0.53779 0.548028 0.529859 0.526293 0.556289 0.585875 0.544903 0.53252 0.59472 0.536914 0.586742 0.577502 0.545318 0.641474 0.599584 0.571957 0.558622 0.604627 0.553196 0.602459 0.565583 0.621229 0.62582 0.621977 0.602841 0.611847 0.57841 0.634774 0.593932 0.594194 0.613112 0.606206 0.630751 0.612098 0.597718 0.604958 0.609502 0.614989 0.61947 0.622466 0.623345 0.625958 0.643158 0.630426 0.63877 0.629665 0.631676
2 2 2 2 2 2 2 2 2 2 2 2 2 2 2 2 2 2 2 2 2 2 2 2 2 2 2 2 2 2 2 2 2 2 2 2 2 2 2 2 2 2 2 2 2 2 2 2 2 2 2 2 2 2 2 2 2 2 2 2 2 2 2 2 2 2 2 2 2 2 2 2 2 2 2 2 2 2 2 2 2 2 2 2 2 2 2 2 2 2 2 2 2 2 2 2 2 2 2 2 2 2 2 2 2 2 2 2 2 2 2 2 2 2 2 2 2 2 2 2 2 2 2 2 2 2 2 2 2 2 2 2 2 2 2 2 2 2 2 2 2 2 2 2 2 2 2 2 2 2 2 2 2 2 2 2 2 2 2 2 2 2 2 2 2 2 2 2 2 2 2 2 2 2 2 2 2 2 2 2 2 2 2 2 2 2 2 2 2 2 2 2 2 2 2 2 2 2 2 2 2 2 2 2 2 2 2 2 2 2 2 2 2 2 2 2 2 2 2 2 2 2 2 2 2 2 2 2 2 2 2 2 2 2 2 2 2 2 2 2 2 2 2 2 2 2 2 2 2 2 2 2 2 2 2 2 2 2 2 2 2 2 2 2 2 2 2 2 2 2 2 2 2 2 2 2 2 2 2 2 2 2 2 2 2 2 2 2 2 2 2 2 2 2 2 2 2 2 2 2 2 2 2 2 2 2 2 2 2 2 2 2 2 2 2 2 2 2 2 2 2 2 2 2 2 2 2 2 2 2 2 2 2 2 2 2 2 2 2 2 2 2 2 2 2 2 2 2 2 2 2 2 2 2 2 2 2 2 2 2 2 2 2 2 2 2 2 2 2 2 2 2 2 2 2 2 2 2 2 2 2 2 2 2 2 2 2 2 2 2 2 2 2 2 2 2 2 2 2 2 2 2 2 2 2 2 2 2 2 2 2 2 2 2 2 2 2 2 2 2 2 2 2 2 2 2 2 2 2 2 2 2 2 2 2 2 2 2 2 2 2 2 2 2 2 2 2 2 2 2 2 2 2 2 2 2 2 2 2 2 2 2 2 2 2 2 2 2 2 2 2 2 2 2 2 2 2 2 2 2 2 2 2 2 2 2 2 2 2 2 2 2 2 2 2 2 2 2 2 2 2 2 2 2 2 2 2 2 2 2 2 2 2 2 2 2 2 2 2 2 2 2
-10 -10 -10 -10 -10 -10 -10 -10 -10 -10 -10 -10 -10 -10 -10 -10 -10 -10 -10 -10 -10 -10 -10 -10 -10 -10 -10 -10 -10 -10 -10 -10 -10 -10 -10 -10 -10 -10 -10 -10 -10 -10 -10 -10 -10 -10 -10 -10 -10 -10 -10 -10 -10 -10 -10 -10 -10 -10 -10 -10 -10 -10 -10 -10 -10 -10 -10 -10 -10 -10 -10 -10 -10 -10 -10 -10 -10 -10 -10 -10 -10 -10 -10 -10 -10 -10 -10 -10 -10 -10 -10 -10 -10 -10 -10 -10 -10 -10 -10 -10 -10 -10 -10 -10 -10 -10 -10 -10 -10 -10 -10 -10 -10 -10 -10 -10 -10 -10 -10 -10 -10 -10 -10 -10 -10 -10 -10 -10 -10 -10 -10 -10 -10 -10 -10 -10 -10 -10 -10 -10 -10 -10 -10 -10 -10 -10 -10 -10 -10 -10 -10 -10 -10 -10 -10 -10 -10 -10 -10 -10 -10 -10 -10 -10 -10 -10 -10 -10 -10 -10 -10 -10 -10 -10 -10 -10 -10 -10 -10 -10 -10 -10 -10 -10 -10 -10 -10 -10 -10 -10 -10 -10 -10 -10 -10 -10 -10 -10 -10 -10 -10 -10 -10 -10 -10 -10 -10 -10 -10 -10 -10 -10 -10 -10 -10 -10 -10 -10 -10 -10 -10 -10 -10 -10 -10 -10 -10 -10 -10 -10 -10 -10 -10 -10 -10 -10 -10 -10 -10 -10 -10 -10 -10 -10 -10 -10 -10 -10 -10 -10 -10 -10 -10 -10 -10 -10 -10 -10 -10 -10 -10 -10 -10 -10 -10 -10 -10 -10 -10 -10 -10 -10 -10 -10 -10 -10 -10 -10 -10 -10 -10 -10 -10 -10 -10 -10 -10 -10 -10 -10 -10 -10 -10 -10 -10 -10 -10 -10 -10 -10 -10 -10 -10 -10 -10 -10 -10 -10 -10 -10 -10 -10 -10 -10 -10 -10 -10 -10 -10 -10 -10 -10 -10 -10 -10 -10 -10 -10 -10 -10 -10 -10 -10 -10 -10 -10 -10 -10 -10 -10 -10 -10 -10 -10 -10 -10 -10 -10 -10 -10 -10 -10 -10 -10 -10 -10 -10 -10 -10 -10 -10 -10 -10 -10 -10 -10 -10 -10 -10 -10 -10 -10 -10 -10 -10 -10 -10 -10 -10 -10 -10 -10 -10 -10 -10 -10 -10 -10 -10 -10 -10 -10 -10 -10 -10 -10 -10 -10 -10 -10 -10 -10 -10 -10 -10 -10 -10 -10 -10 -10 -10 -10 -10 -10 -10 -10 -10 -10 -10 -10 -10 -10 -10 -10 -10 -10 -10 -10 -10 -10 -10 -10 -10 -10 -10 -10 -10 -10 -10 -10 -10 -10 -10 -10 -10 -10 -10 -10 -10 -10 -10 -10 -10 -10 -10 -10 -10 -10 -10 -10 -10 -10 -10 -10 -10 -10 -10 -10 -10 -10 -10 -10 -10 -10 -10 -10 -10 -10 -10 -10 -10 -10 -10 -10 -10 -10 -10 -10 -10 -10 -10 -10 -10 -10 -10 -10 -10 -10 -10 -10 -10 -10 -10 -10 -10 -10 -10 -10 -10 -10 -10 -10 -10 -10 -10 -10 -10 -10 -10 -10 -10 -10
0.00564179 0.00585571 0.00536541 0.00506883 0.00534534 0.00719146 0.00645325 0.00889461 0.00977948 0.0090664 0.00961921 0.00873439 0.00994537 0.0102479 0.00962205 0.00960314 0.0113744 0.010233 0.0101497 0.00963806 0.0100092 0.0102984 0.0115088 0.0117255 0.0122319 0.0138389 0.0154056 0.0129525 0.013964 0.0127234 0.0133687 0.0141688 0.012831 0.0133796 0.0162739 0.0128349 0.0134631 0.0179378 0.0166286 0.0201666 0.0146752 0.0156506 0.0149668 0.0154051 0.0186672 0.0219602 0.0161497 0.0237392 0.0105412 0.0255627 0.0222636 0.0271378 0.0305193 0.0361284 0.0105219 0.0139323 0.0334431 0.0138254 0.0171618 0.0359508 0.0106975 0.0421002 0.0276419 0.0302846 0.0108296 0.040821 0.0356808 0.0182991 0.0441097 0.0182578 0.0107845 0.028607 0.0409522 0.0182332 0.0471913 0.0447113 0.0286002 0.0382343 0.0350669 0.0109531 0.0414898 0.0491712 0.0186824 0.00802947 0.0385188 0.0426306 0.0067557 0.0354149 0.0381977 0.0437496 0.0183054 0.0346017 0.0377343 0.0196181 0.0318913 0.034224 0.0083822 0.0388232 0.031191 0.0343645 0.00958196 0.0141459 0.0276022 0.0177733 0.0306223 0.00515549 0.0148248 0.005183 0.00620297 0.027491 0.00742905 0.006815 0.0348281 0.0310431 0.0103586 0.0178202 0.0282725 0.00889143 0.013013 0.0129536 0.017515 0.0273932 0.0141027 0.0254681 0.0562802 0.0178666 0.0240833 0.0306944 0.0110015 0.0146364 0.0215517 0.0190903 0.0183137 0.0214737 0.0378074 0.0163789 0.0219572 0.013176 0.0232812 0.0243658 0.00756875 0.023445 0.0138584 0.0219502 0.0432454 0.0057146 0.00636305 0.0249789 0.0284187 0.00478367 0.0281311 0.0127167 0.0142079 0.0317027 0.0128451 0.0182066 0.0187893 0.0196565 0.0208097 0.0336489 0.0243399 0.0356681 0.0357537 0.014039 0.0373086 0.0409943 0.0406227 0.0404634 0.015321 0.0186258 0.0251996 0.0284141 0.0173718 0.0312709 0.0465478 0.039731 0.0129756 0.0211809 0.0100405 0.0133406 0.0317299 0.0355837 0.0217145 0.00983744 0.0445155 0.0462939 0.0194538 0.0279446 0.0362254 0.0486424 0.0162145 0.0167068 0.060551 0.0503914 0.0266705 0.0133782 0.0175375 0.0202952 0.0526796 0.0115684 0.0403351 0.0505845 0.0124484 0.0186107 0.0227458 0.0257825 0.0572941 0.0369936 0.0157002 0.032457 0.0287854 0.0494944 0.0533999 0.0216511 0.00804957 0.0125194 0.0127048 0.00890237 0.0442295 0.00959921 0.044029 0.0387456 0.0420536 0.0222965 0.0107343 0.0163468 0.00904902 0.0493189 0.0448636 0.00657508 0.0358423 0.00687873 0.0490459 0.00483144 0.00563525 0.00914472 0.0143126 0.0123273 0.0156034 0.0131466 0.0183138 0.031917 0.0460313 0.0235195 0.00586189 0.0264727 0.0292888 0.0256695 0.00693362 0.0167649 0.00895237 0.00605873 0.00490183 0.0406946 0.0095406 0.0239082 0.0120115 0.0447656 0.00576032 0.034423 0.0138283 0.0133328 0.0140242 0.0127194 0.0501282 0.00916976 0.0459473 0.00926596 0.00747932 0.0423431 0.0155509 0.0104297 0.0213011 0.0188511 0.00736402 0.0114948 0.0096574 0.0449 0.00968641 0.049728 0.0374542 0.00658877 0.00487048 0.0114216 0.0296368 0.00628495 0.0414342 0.026817 0.038941 0.00557407 0.0500274 0.0443025 0.00487297 0.025956 0.0328863 0.0105146 0.0348929 0.00627192 0.023554 0.0376921 0.00835834 0.00905601 0.0325079 0.00661662 0.0159682 0.0416451 0.0122705 0.00763929 0.0428219 0.0105595 0.0285036 0.0386221 0.0411111 0.0446456 0.0309426 0.00675116 0.0199011 0.0345979 0.0320739 0.00587713 0.0163774 0.00919238 0.0345261 0.0123746 0.0370958 0.00490647 0.0385565 0.038723 0.0232901 0.0264818 0.0193323 0.0293618 0.0338363 0.0071404 0.00929672 0.0126953 0.0363666 0.0311093 0.0348735 0.00585663 0.0144978 0.0291869 0.00497507 0.00734324 0.00959545 0.0343849 0.0127898 0.0267055 0.0320838 0.0310955 0.00994807 0.0126066 0.016975 0.0231623 0.020998 0.00598449 0.00751252 0.0280005 0.0265137 0.0265445 0.0125882 0.0129977 0.0180172 0.0294838 0.0243757 0.0273673 0.0269317 0.0262988 0.026015 0.00624995 0.0203721 0.0135349 0.0256148 0.0177167 0.0244866 0.0244116 0.0129296 0.00615167 0.0210096 0.00786733 0.021513 0.0245586 0.0137121 0.0253577 0.00659718 0.0133211 0.0187766 0.0226423 0.0137426 0.0211001 0.009305 0.0181765 0.0224722 0.0215771 0.0157866 0.0156274 0.0213163 0.00619873 0.0158099 0.0185683 0.0197889 0.0100132 0.0186488 0.01197 0.00804363 0.0180809 0.019274 0.0191138 0.0169598 0.01696 0.00488359 0.00548248 0.0172729 0.00675018 0.010239 0.013508 0.0170231 0.0161128 0.0200116 0.0157582 0.0082714 0.0145787 0.0172491 0.0107471 0.0145933 0.0144631 0.00720921 0.004997 0.0132387 0.0141177 0.00823952 0.0153643 0.0146446 0.00956397 0.0136454 0.0127898 0.0123357 0.0117209 0.0110345 0.00480053 0.00616846 0.0111513 0.00962209 0.0119913 0.0139678 0.0109573 0.0113413 0.0119492 0.0112777 0.0102824 0.013188 0.0088987 0.011797 0.0113276 0.0141559 0.00757081 0.0110732 0.00562488 0.0130935 0.00992193 0.00698427 0.00821919 0.0107901 0.010325 0.00676537 0.00996779 0.00953004 0.0183291 0.00827819 0.0491916 0.00711453 0.0091327 0.0191621 0.00819377 0.00577488 0.00657719 0.00889189 0.00753692 0.00817723 0.00569212 0.0178989 0.00644233 0.00785539 0.019032 0.00805177 0.00479318 0.00789268 0.00683792 0.00821516 0.0165952 0.00539374 0.00609355 0.00810549 0.0071052 0.0179445 0.00689259 0.00924739 0.00808967 0.0111031 0.0153393 0.00482015 0.00580723 0.00675472 0.0164731 0.00612107 0.00525773 0.0140025 0.00565083 0.0132332 0.0163179 0.0147444 0.0118708 0.0134447 0.0116359 0.00984891 0.0148321 0.010572 0.00722166 0.00950563 0.00825019 0.011188 0.0135845
0.00564179 0.00585571 0.00536541 0.00506883 0.00534534 0.00719146 0.00645325 0.00889461 0.00977948 0.0090664 0.00961921 0.00873439 0.00994537 0.0102479 0.00962205 0.00960314 0.0113744 0.010233 0.0101497 0.00963806 0.0100092 0.0102984 0.0115088 0.0117255 0.0122319 0.0140398 0.0154056 0.0129525 0.013964 0.0127234 0.0133687 0.0141688 0.012831 0.0133796 0.0162739 0.0128349 0.0134631 0.0179378 0.0166286 0.0201666 0.0146752 0.0156506 0.0149668 0.0154051 0.0186672 0.0219602 0.0161497 0.0237392 0.0183034 0.0255627 0.0222636 0.0271378 0.0305193 0.0361284 0.0196892 0.0178447 0.0334431 0.0189762 0.0171618 0.0359508 0.0201776 0.0421002 0.0276419 0.0302846 0.0207327 0.040821 0.0356808 0.0182991 0.0441097 0.0182578 0.0217186 0.028607 0.0409522 0.0198552 0.0471913 0.0447113 0.0286002 0.0382343 0.0350669 0.0228008 0.0414898 0.0491712 0.0214996 0.0257627 0.0385188 0.0447622 0.0275798 0.0354149 0.0415739 0.0507334 0.023077 0.038641 0.0456124 0.0239036 0.0356372 0.0421334 0.0268111 0.050434 0.0385977 0.0463796 0.0268026 0.0247345 0.0342873 0.026275 0.0427886 0.00515549 0.0261946 0.005183 0.00620297 0.0371976 0.00742905 0.006815 0.0521753 0.0482099 0.0103586 0.0276299 0.0426542 0.00889143 0.013013 0.0129536 0.0289579 0.0486607 0.0283532 0.0432023 0.0569337 0.0178666 0.0394164 0.0539985 0.0110015 0.0316957 0.0215517 0.0190903 0.0183137 0.036913 0.0572542 0.0163789 0.0219572 0.0303751 0.0439342 0.048171 0.00756875 0.023445 0.0333636 0.0402114 0.0584461 0.0057146 0.00636305 0.0249789 0.0284187 0.00478367 0.0281311 0.0316272 0.0346038 0.0317027 0.0128451 0.0361771 0.0381995 0.0414415 0.0447165 0.0336489 0.0535379 0.0356681 0.0357537 0.0366538 0.0373086 0.0409943 0.0406227 0.0404634 0.0378543 0.0460209 0.0581807 0.0284141 0.042484 0.0312709 0.0465478 0.039731 0.0420489 0.056878 0.0100405 0.0133406 0.0317299 0.0355837 0.0217145 0.00983744 0.0445155 0.0462939 0.0531986 0.0598775 0.0607217 0.0486424 0.047489 0.0520063 0.060551 0.0503914 0.0266705 0.0447587 0.0175375 0.0202952 0.0526796 0.0403909 0.0627405 0.0505845 0.0498832 0.0595096 0.0227458 0.0257825 0.0617269 0.0369936 0.0575024 0.0635341 0.0287854 0.0494944 0.0533999 0.0620387 0.00804957 0.054059 0.0127048 0.0434582 0.0442295 0.0467095 0.0637662 0.0387456 0.0420536 0.0656197 0.0610367 0.0630304 0.0513575 0.0493189 0.0448636 0.00657508 0.0358423 0.0489211 0.0490459 0.00483144 0.00563525 0.0554297 0.0641721 0.0123273 0.0156034 0.0131466 0.0183138 0.031917 0.0460313 0.0235195 0.0538671 0.0264727 0.0292888 0.0256695 0.0563691 0.0673729 0.00895237 0.0613737 0.0623503 0.0406946 0.0666744 0.0690717 0.0520565 0.0447656 0.0691999 0.034423 0.069419 0.0698968 0.0657097 0.0127194 0.0501282 0.0713885 0.0459473 0.00926596 0.00747932 0.0423431 0.0155509 0.0612462 0.0213011 0.0188511 0.0622932 0.0114948 0.0759913 0.0449 0.0591665 0.049728 0.0374542 0.00658877 0.060599 0.0560958 0.0296368 0.0585547 0.0414342 0.0472415 0.0520566 0.00557407 0.0500274 0.0443025 0.00487297 0.025956 0.0328863 0.0533789 0.0348929 0.0555733 0.023554 0.0376921 0.0526386 0.00905601 0.0474886 0.0526161 0.0159682 0.0416451 0.0122705 0.00763929 0.0428219 0.0441189 0.0285036 0.0386221 0.0420239 0.0446456 0.0309426 0.00675116 0.0199011 0.0428047 0.0320739 0.00587713 0.0163774 0.00919238 0.0345261 0.0123746 0.0370958 0.00490647 0.0385565 0.038723 0.0232901 0.0264818 0.0193323 0.0293618 0.0338363 0.0071404 0.00929672 0.0126953 0.0363666 0.0311093 0.0348735 0.00585663 0.0144978 0.0291869 0.00497507 0.00734324 0.00959545 0.0343849 0.0341524 0.0267055 0.0320838 0.0310955 0.00994807 0.0126066 0.016975 0.0231623 0.020998 0.00598449 0.00751252 0.0280005 0.0265137 0.0265445 0.0297081 0.0129977 0.0180172 0.0294838 0.0243757 0.0273673 0.0269317 0.0262988 0.026015 0.00624995 0.0203721 0.0135349 0.0256148 0.0177167 0.0244866 0.0244116 0.0129296 0.0388003 0.0210096 0.00786733 0.021513 0.0245586 0.0137121 0.0253577 0.00659718 0.0133211 0.0187766 0.0226423 0.0137426 0.0211001 0.009305 0.0181765 0.0224722 0.0215771 0.0157866 0.0156274 0.0213163 0.00619873 0.0158099 0.0185683 0.0197889 0.0100132 0.0186488 0.01197 0.00804363 0.0180809 0.019274 0.0191138 0.0169598 0.01696 0.00488359 0.00548248 0.0172729 0.00675018 0.010239 0.013508 0.0170231 0.0161128 0.0200116 0.0157582 0.0082714 0.0145787 0.0172491 0.0107471 0.0145933 0.0144631 0.00720921 0.004997 0.0132387 0.0141177 0.00823952 0.0153643 0.0146446 0.00956397 0.0136454 0.0127898 0.0123357 0.0117209 0.0110345 0.00480053 0.00616846 0.0111513 0.00962209 0.0119913 0.0139678 0.0109573 0.0113413 0.0119492 0.0112777 0.0102824 0.013188 0.0088987 0.011797 0.0113276 0.0259314 0.00757081 0.0110732 0.00562488 0.0130935 0.00992193 0.00698427 0.00821919 0.0107901 0.010325 0.00676537 0.00996779 0.00953004 0.0183291 0.00827819 0.0491916 0.00711453 0.0091327 0.0210879 0.00819377 0.00577488 0.00657719 0.00889189 0.00753692 0.00817723 0.00569212 0.0178989 0.00644233 0.00785539 0.019032 0.00805177 0.00479318 0.00789268 0.00683792 0.00821516 0.0209447 0.00539374 0.00609355 0.00810549 0.0071052 0.0179445 0.00689259 0.0271242 0.0282539 0.0242113 0.0215296 0.00482015 0.00580723 0.0294906 0.0164731 0.00612107 0.00525773 0.0225893 0.00565083 0.022662 0.0163179 0.0147444 0.0118708 0.0134447 0.0116359 0.00984891 0.0148321 0.010572 0.00722166 0.00950563 0.00825019 0.011188 0.0135845
3.01249 2.86879 2.71283 2.12475 2.57131 3.01082 2.13345 3.07063 2.20763 2.6114 2.80422 2.52144 2.14658 2.93592 2.69294 2.45593 8.80225 2.40353 2.25275 2.17151 2.22942 2.27763 3.18543 2.31601 2.3623 3.11439 2.16534 2.19302 3.25933 2.38178 3.01719 2.53151 2.54203 2.81227 3.31468 2.15038 2.67069 3.35319 3.13539 3.40445 2.47191 2.83293 2.16391 2.4211 3.19297 3.44111 2.67673 3.45479 2.91142 3.48157 3.24315 3.48934 3.59077 3.63552 2.66605 2.37413 3.60321 2.32444 2.18909 3.6738 2.57876 3.66917 3.223 3.31647 2.51071 3.72138 3.43053 2.27243 3.80268 2.20673 2.4511 2.97789 3.41623 2.1814 3.85424 3.47363 2.83842 3.14451 2.96229 2.3857 3.14855 3.58052 2.18696 2.57196 2.94212 3.17839 2.68577 2.78955 2.95771 3.30112 2.19546 2.78766 2.98554 2.21135 2.6573 2.81359 2.48295 3.08162 2.66842 2.86317 2.37641 2.22112 2.50588 2.21519 2.69368 2.90699 2.21327 2.93446 2.79037 2.53534 2.69409 2.70767 2.93639 2.75972 2.60941 2.22606 2.61521 2.65749 2.63859 2.65263 2.23381 2.64065 2.22348 2.53471 3.94751 2.75516 2.46094 2.79643 2.59999 2.23595 2.8867 2.82197 2.75287 2.37256 3.10562 2.74164 2.93769 2.23592 2.47966 2.54418 2.72028 2.94925 2.24412 2.41362 3.36687 2.89023 2.81747 3.07853 3.24389 3.07421 3.17329 2.24328 2.25083 3.45711 2.66708 2.30204 2.3286 2.37177 2.42318 3.55044 2.58288 3.74973 3.69341 2.2616 3.91978 4.20232 4.115 4.28335 2.27707 2.38416 2.64039 3.28732 2.33594 3.33933 4.70771 3.9981 2.28691 2.51484 2.59279 2.69311 3.54535 3.86229 2.8572 2.67956 4.71874 4.60254 2.44915 2.74245 3.06855 4.73982 2.34958 2.38447 3.99193 4.62747 3.07522 2.30244 2.80489 2.92699 4.17952 2.28216 3.27199 4.64352 2.32322 2.46523 3.01557 3.17237 4.03856 3.72788 2.39592 2.93545 3.3565 4.44972 4.12866 2.55727 2.73956 2.3425 2.60121 2.33577 4.36126 2.32768 3.46544 4.37836 4.66875 2.59504 2.36806 2.43399 2.3533 4.67396 4.91053 2.85311 4.02868 2.43482 4.15627 3.14975 2.97297 2.36461 2.40446 2.71402 2.77727 2.60329 2.86701 3.70179 4.84342 3.12962 2.52315 3.30548 3.49564 3.01282 2.44621 2.46174 2.73753 2.52092 2.65988 4.78565 2.3962 2.66252 2.49836 4.35371 2.56974 4.05617 0.584357 2.41411 0.584182 2.59385 4.65246 2.41617 4.60464 2.76023 2.83321 5.04694 2.82456 0.591577 3.07656 2.96515 0.598221 2.7628 2.42411 4.40815 0.593327 4.27957 4.6278 2.91846 0.603985 0.589931 3.68863 0.601007 5.10832 2.90783 0.550081 3.0822 4.63409 3.87088 3.26805 3.4429 4.08485 0.592087 4.44914 0.601333 3.27431 5.01577 0.596896 2.81693 0.558078 0.600872 2.88893 4.58431 2.81469 2.89827 4.3041 2.49993 3.73454 5.25164 3.63871 0.528197 4.08064 2.99079 3.09738 3.26637 4.47328 3.12564 2.96673 2.86464 4.93969 2.85705 4.84802 3.37793 3.93179 3.34903 3.44632 3.7635 3.17227 4.14139 5.49571 3.00955 2.90427 2.89884 4.08941 5.14933 3.18218 3.22944 2.97707 4.57008 3.47052 3.04418 2.93677 3.63902 2.52169 4.09686 4.21834 5.50054 2.97122 2.97843 3.13499 3.75775 3.44778 3.29212 3.08919 0.553292 4.4022 5.21937 2.52334 3.03305 3.26224 3.6398 4.10129 5.60106 4.12097 5.81059 3.27729 3.3179 3.6239 3.08948 3.65097 3.36838 4.67861 0.532945 3.11427 0.604157 3.9966 3.17606 4.29108 5.28402 3.16222 3.99117 3.34695 3.20327 3.61278 3.40608 3.26669 5.04941 3.22015 3.91165 5.78819 3.26334 3.40875 3.49301 6.13345 3.53441 3.67641 4.67369 5.88632 3.27619 5.39471 3.31997 3.38698 4.41326 6.3199 4.19982 4.09723 3.02263 4.27178 3.9731 2.93351 3.61702 3.42871 3.86041 5.06649 4.0099 0.560474 5.78593 3.51106 6.33381 5.99715 3.5274 4.32426 5.07867 3.72599 4.50317 4.14217 4.68167 3.73336 0.537085 3.68718 3.80389 6.71807 4.37211 6.61385 5.48187 4.04377 5.28761 4.37487 4.32419 2.64904 2.80658 0.537983 5.59819 3.42335 3.92058 3.26825 4.52303 0.539661 4.17869 3.14777 4.45068 0.590925 4.27587 4.75131 5.01094 0.541133 5.04478 4.53644 4.57108 3.79925 2.53404 4.86712 6.31579 5.37719 0.578685 4.90894 4.53595 5.12135 6.88773 0.584089 5.20803 5.79208 5.44425 7.14937 5.62611 5.88313 6.48661 0.579377 6.07885 6.2782 0.58509 6.62094 7.62569 6.75716 6.63808 4.10742 0.589163 7.30723 6.98924 5.4726 7.15185 0.586749 7.37112 0.600911 0.602998 0.598378 0.591248 7.09754 7.50934 0.605489 0.581006 6.98771 6.74573 0.59324 5.59478 0.594805 0.582582 0.582578 0.578177 0.584118 0.582815 0.579098 0.588839 0.582761 0.579469 0.582494 0.581738 0.586021 0.590214
0.57187 0.5493 0.521715 0.373277 0.49335 0.571576 0.376696 0.580408 0.40006 0.501795 0.538347 0.482511 0.381236 0.560214 0.517988 0.467423 0.856131 0.454639 0.413688 0.388671 0.406727 0.420914 0.596179 0.431704 0.444118 0.588083 0.387025 0.395608 0.605698 0.4512 0.57268 0.4868 0.487118 0.539789 0.612527 0.382208 0.513727 0.617143 0.589536 0.623125 0.471267 0.543368 0.387025 0.459081 0.597258 0.627287 0.514933 0.62884 0.557969 0.631797 0.603762 0.632659 0.643339 0.647792 0.514667 0.449174 0.644634 0.435919 0.395457 0.651646 0.496952 0.651101 0.601231 0.612901 0.482115 0.656245 0.626234 0.419597 0.663772 0.400055 0.468282 0.566894 0.62465 0.392682 0.668378 0.631067 0.544424 0.590941 0.564547 0.452095 0.591508 0.642421 0.394267 0.495465 0.561433 0.595522 0.518428 0.536017 0.563888 0.61116 0.396936 0.535712 0.568184 0.401732 0.511338 0.54028 0.475719 0.582302 0.513551 0.548734 0.449649 0.405481 0.47935 0.403047 0.518471 0.556975 0.402858 0.561335 0.537324 0.485957 0.519614 0.522227 0.560629 0.530795 0.50266 0.406344 0.502956 0.512433 0.508447 0.511253 0.408698 0.508161 0.406007 0.485891 0.676431 0.530506 0.46904 0.53738 0.500674 0.409608 0.553084 0.542293 0.530068 0.447225 0.585712 0.528097 0.561267 0.409841 0.473479 0.488021 0.524548 0.563031 0.412118 0.457634 0.619053 0.554239 0.542032 0.582256 0.604378 0.582213 0.595207 0.412072 0.414044 0.629578 0.514107 0.428414 0.435695 0.447109 0.460056 0.639587 0.496363 0.659236 0.6539 0.417207 0.674347 0.696629 0.690073 0.702474 0.421551 0.450364 0.508196 0.60981 0.437766 0.616054 0.729599 0.680835 0.424566 0.481643 0.499234 0.519123 0.639087 0.66941 0.548184 0.51669 0.730264 0.723348 0.466445 0.527743 0.580502 0.731374 0.441491 0.45056 0.680033 0.72474 0.581736 0.428886 0.53939 0.559628 0.694623 0.423398 0.607629 0.72572 0.434701 0.470325 0.573166 0.595144 0.683868 0.657167 0.453544 0.560552 0.618142 0.713517 0.690782 0.491 0.528092 0.439895 0.500828 0.438576 0.707837 0.436263 0.630258 0.709053 0.727367 0.499017 0.446806 0.462961 0.443157 0.72758 0.740894 0.548072 0.683355 0.46406 0.692864 0.592646 0.567276 0.446096 0.455797 0.523141 0.534589 0.501234 0.549949 0.654762 0.737192 0.589427 0.484628 0.612076 0.633836 0.572666 0.466753 0.469609 0.527673 0.484085 0.513221 0.734119 0.454135 0.51266 0.478462 0.707316 0.49472 0.68556 0.328693 0.458282 0.329258 0.499294 0.726291 0.459161 0.723313 0.531798 0.544672 0.747986 0.542875 0.305277 0.582076 0.565649 0.282906 0.532163 0.461067 0.710745 0.299474 0.70207 0.724968 0.558738 0.262674 0.310697 0.65353 0.273248 0.751014 0.556329 0.432747 0.583309 0.725199 0.66966 0.607941 0.628103 0.687828 0.303604 0.713789 0.272108 0.608304 0.746469 0.287462 0.541815 0.409193 0.273735 0.553645 0.722047 0.5413 0.555456 0.703705 0.478926 0.657915 0.757893 0.648461 0.496128 0.687521 0.569935 0.585052 0.607062 0.715382 0.589335 0.565966 0.549883 0.742554 0.5485 0.737392 0.62112 0.674892 0.61648 0.62853 0.66064 0.595285 0.692207 0.768783 0.572729 0.55636 0.555367 0.68801 0.753162 0.595546 0.603047 0.567607 0.721519 0.631535 0.577808 0.561519 0.648003 0.483684 0.688826 0.697438 0.768934 0.56685 0.56787 0.59032 0.66015 0.628731 0.610873 0.584227 0.423364 0.710766 0.756539 0.484067 0.57602 0.606912 0.648072 0.689192 0.773112 0.69045 0.781464 0.608437 0.613995 0.647305 0.584103 0.649688 0.619743 0.7281 0.482502 0.587574 0.262136 0.680924 0.596056 0.703201 0.759314 0.594072 0.679821 0.617449 0.599492 0.646211 0.62311 0.607554 0.748307 0.601765 0.673881 0.780654 0.606707 0.62443 0.633774 0.793056 0.638357 0.652537 0.727858 0.784196 0.608813 0.764573 0.614114 0.622085 0.711576 0.799186 0.696055 0.688954 0.574038 0.702021 0.679194 0.559513 0.646828 0.626786 0.669514 0.748823 0.681728 0.402132 0.780619 0.635839 0.799694 0.788216 0.63753 0.70558 0.749821 0.657404 0.717551 0.692429 0.728365 0.65808 0.470582 0.652703 0.664546 0.811172 0.708249 0.808126 0.768069 0.68483 0.759879 0.70913 0.70561 0.510289 0.539471 0.467991 0.773248 0.625061 0.674334 0.607332 0.718746 0.46314 0.695214 0.5909 0.713705 0.307519 0.702271 0.73242 0.746485 0.458877 0.748161 0.719625 0.721764 0.663216 0.486503 0.738901 0.799159 0.763868 0.346718 0.741133 0.719196 0.751987 0.815895 0.329663 0.756143 0.780932 0.766826 0.822623 0.774409 0.784323 0.804507 0.344558 0.791321 0.797968 0.326474 0.808467 0.833775 0.812205 0.808975 0.689054 0.313311 0.826524 0.818608 0.767663 0.822728 0.321149 0.827989 0.273699 0.266334 0.282491 0.306476 0.821264 0.83117 0.257376 0.339446 0.818441 0.811871 0.299872 0.772785 0.294637 0.33447 0.33449 0.348331 0.329601 0.333752 0.345462 0.314394 0.33393 0.344313 0.334779 0.337176 0.323523 0.309911
0.601948 0.602179 0.603763 0.608214 0.604338 0.598104 0.606317 0.594955 0.597767 0.596233 0.594335 0.597349 0.600309 0.592607 0.594735 0.595898 0.607272 0.594953 0.596455 0.59869 0.597018 0.595888 0.589249 0.592762 0.591381 0.602672 0.589811 0.592377 0.584406 0.599861 0.58627 0.599686 0.589036 0.586862 0.580216 0.594636 0.587236 0.577429 0.580211 0.573937 0.586068 0.582687 0.592363 0.585156 0.57677 0.571273 0.582393 0.568806 0.600343 0.566306 0.571267 0.564243 0.559783 0.552456 0.597436 0.594547 0.556248 0.59239 0.590389 0.553094 0.595981 0.54487 0.564024 0.560566 0.594502 0.54731 0.553961 0.58217 0.543157 0.583849 0.592541 0.563265 0.548007 0.58516 0.539336 0.543681 0.563632 0.551666 0.555639 0.589935 0.548112 0.538439 0.581688 0.591333 0.551893 0.544544 0.591717 0.555774 0.548605 0.537911 0.579193 0.552289 0.544359 0.576715 0.556085 0.548568 0.588059 0.539168 0.552866 0.544123 0.584957 0.58073 0.558526 0.574214 0.548482 4.11208 0.577276 5.10127 4.99731 0.555156 4.79399 3.85836 0.53827 0.542918 3.99671 0.571998 0.549079 5.3317 4.38894 4.97372 0.570172 0.54329 0.574454 0.549153 0.528956 4.25782 0.553549 0.537555 3.57349 0.56855 4.17729 5.00211 3.68719 0.557278 0.532962 5.27837 4.9978 0.572257 0.548998 0.544531 5.9557 3.71981 0.566849 0.553347 0.530681 6.21425 6.28892 4.91828 4.49826 6.40654 3.60417 0.570823 0.564715 4.46386 5.53155 0.559704 0.556937 0.55287 0.549002 3.94572 0.539691 4.26633 3.73861 0.56205 4.38834 3.89319 3.60935 4.51575 0.55945 0.548542 0.535753 5.03943 0.55279 3.32743 3.83683 3.40288 0.556179 0.538085 3.2119 6.00872 5.15696 4.96177 3.14826 6.38873 4.4867 3.37072 0.541647 0.533736 0.530891 4.26647 0.548227 0.543838 0.526024 3.65752 3.15857 0.552786 5.86671 5.98971 3.54796 0.559572 0.529018 3.28139 0.548253 0.537328 5.65365 5.52643 0.526399 3.13377 0.540024 0.530655 5.40556 4.50983 3.2402 0.534683 6.86399 0.544508 3.00341 0.55893 3.0219 0.554133 0.528217 5.20355 4.95808 0.53335 0.541026 0.536594 0.549884 2.94637 4.88468 7.21602 5.31879 0.555336 4.71261 7.48175 7.33248 0.546174 0.537312 6.67336 6.40432 2.82939 6.25313 5.57683 4.88693 6.04796 0.551755 5.88195 5.72272 2.83424 0.547943 0.53565 7.06945 0.545718 0.546996 5.15278 0.540273 0.533695 4.45583 2.70807 0.544708 5.45853 3.14443 0.538242 3.25351 2.69477 2.70568 0.542144 4.84734 7.10906 7.29752 4.99362 6.57225 3.13507 6.12657 6.27796 3.05257 6.86099 0.549163 4.72723 3.07022 4.1486 5.18062 7.38252 2.93055 3.0413 5.58085 2.93913 4.75385 4.11544 3.498 7.46253 2.49694 4.53515 7.51153 5.62746 5.34246 2.92833 5.12823 2.85525 5.75519 4.83336 2.83491 6.89586 3.20318 2.77328 6.32592 4.44151 6.5264 6.90408 3.69622 3.98367 5.32808 4.44076 3.69962 3.48358 5.08583 6.88309 5.81627 3.77493 4.7329 6.91064 5.88445 6.48531 4.58064 6.1967 3.99347 6.97495 3.96608 3.89933 5.09827 4.90446 5.32316 4.74605 3.9707 6.43044 6.13645 5.88411 3.34783 4.05642 3.57059 6.32337 5.51612 4.25662 6.4193 6.04776 5.81728 3.57649 3.31836 4.4061 3.46155 3.56873 5.5164 5.33965 5.0509 4.37269 4.66911 5.85551 5.6692 2.56757 4.07799 3.63101 3.09241 5.05901 4.72828 3.2517 4.09725 3.28685 2.91222 3.38865 2.89564 5.48634 4.2131 4.83225 2.87102 4.38685 3.70303 2.6503 4.69962 2.28785 3.83599 5.07802 3.66657 3.08079 4.56944 3.04928 5.11354 4.4197 4.04794 2.90339 4.2703 3.32857 4.5356 3.67095 3.21405 2.73615 4.10468 3.95014 3.07451 4.83523 3.72968 3.30626 2.89507 4.29308 3.12828 4.10793 4.37908 3.37651 2.95105 2.79523 3.46943 2.60718 4.59773 4.50742 2.69982 4.36596 3.97156 3.47997 2.75396 2.57073 2.3224 2.96514 4.08931 2.86228 2.80237 3.80107 3.26643 3.05382 4.0395 4.26797 3.31328 3.1386 3.80304 2.41633 2.65225 3.58644 2.77783 2.63482 2.70873 2.65134 3.36274 3.90862 3.779 3.23327 2.52783 2.52387 2.39418 2.94007 2.59798 2.50536 2.51024 3.18287 2.37494 3.39627 2.59474 2.49461 2.17712 3.50353 3.10115 3.64321 2.36424 3.05824 3.48008 3.29082 2.60468 2.52951 3.39265 2.86209 3.00777 2.1974 3.1811 2.06049 3.25694 2.81504 2.18168 3.11657 3.35758 3.26386 2.7639 3.09443 2.99721 3.23806 2.19483 3.15928 2.96471 2.17781 2.90565 3.25431 2.73904 3.01517 2.64486 2.16527 3.1628 3.07229 2.68303 2.90916 2.18365 2.87032 2.13747 2.13359 2.15034 2.16091 3.10946 2.99702 2.12955 2.19638 2.87866 2.99015 2.15551 2.87583 2.15545 2.19664 2.21519 2.25866 2.24397 2.28264 2.32199 2.24437 2.31669 2.46675 2.35732 2.41556 2.32245 2.29485
0.269921 0.269123 0.263495 0.247332 0.261446 0.283295 0.254363 0.294016 0.284553 0.289732 0.296121 0.285942 0.275808 0.301877 0.294784 0.290882 0.250983 0.294076 0.289019 0.281391 0.287107 0.290935 0.312916 0.301414 0.305981 0.267587 0.311182 0.302715 0.328546 0.277409 0.322586 0.278032 0.313657 0.320689 0.341814 0.295198 0.319491 0.350525 0.341844 0.361333 0.323275 0.334046 0.302794 0.326207 0.352589 0.3695 0.334987 0.377012 0.275787 0.384577 0.369531 0.390786 0.404111 0.425767 0.2858 0.29555 0.414597 0.302741 0.309314 0.423897 0.290744 0.447946 0.391457 0.401792 0.295721 0.440843 0.421352 0.335733 0.452934 0.330414 0.302258 0.393742 0.438818 0.326253 0.46401 0.451419 0.39265 0.428113 0.416422 0.310839 0.438519 0.466612 0.337287 0.306267 0.427453 0.448919 0.305009 0.416033 0.437086 0.468147 0.345133 0.426297 0.449464 0.352848 0.415121 0.437201 0.31696 0.464516 0.424609 0.450155 0.326943 0.340325 0.407903 0.360583 0.437459 0.689408 0.351124 0.750533 0.745276 0.417872 0.734319 0.6685 0.46712 0.45366 0.680251 0.367384 0.435716 0.761453 0.709389 0.744066 0.372956 0.452587 0.359857 0.435506 0.493929 0.700275 0.422617 0.469192 0.641317 0.377893 0.694385 0.745551 0.652709 0.411616 0.482426 0.759031 0.745335 0.366607 0.435967 0.448988 0.786694 0.655847 0.383042 0.423215 0.488984 0.795643 0.798093 0.741166 0.716603 0.801825 0.644488 0.37099 0.389466 0.714388 0.770178 0.404429 0.412635 0.424623 0.435959 0.676059 0.463026 0.700916 0.657644 0.397448 0.709394 0.671594 0.645032 0.717748 0.405192 0.437308 0.474404 0.747484 0.424866 0.613887 0.666658 0.622769 0.414893 0.467678 0.599411 0.788613 0.753328 0.743497 0.590981 0.801288 0.715901 0.61905 0.457371 0.480213 0.48839 0.70096 0.438234 0.451019 0.50235 0.649863 0.592381 0.424888 0.783458 0.787965 0.638722 0.404843 0.493773 0.60829 0.438169 0.469871 0.775227 0.770003 0.501281 0.589027 0.462081 0.489076 0.764808 0.717408 0.603116 0.477496 0.815153 0.449083 0.570289 0.406758 0.573092 0.420938 0.496074 0.755611 0.743337 0.481342 0.459194 0.471997 0.433411 0.561582 0.739439 0.824236 0.760961 0.417402 0.729797 0.830515 0.827043 0.444244 0.46993 0.809854 0.801807 0.542346 0.796983 0.772154 0.739588 0.790065 0.42794 0.784089 0.778022 0.543195 0.439093 0.47473 0.820584 0.445584 0.441865 0.753212 0.461386 0.480362 0.714035 0.520515 0.448535 0.767197 0.590613 0.467262 0.604943 0.517939 0.52007 0.45598 0.737471 0.821617 0.826251 0.74528 0.806955 0.589419 0.792824 0.79786 0.577787 0.815143 0.435565 0.730749 0.580361 0.692521 0.754605 0.82827 0.559294 0.576208 0.772392 0.560672 0.732312 0.690027 0.633683 0.830131 0.476556 0.719204 0.831253 0.774323 0.762139 0.559016 0.752105 0.547046 0.77938 0.736801 0.543631 0.816114 0.5987 0.532838 0.79943 0.713225 0.805645 0.816349 0.654058 0.679597 0.761532 0.713206 0.654398 0.632238 0.750053 0.815796 0.781739 0.661463 0.731197 0.816542 0.784309 0.804436 0.722124 0.795262 0.680489 0.818249 0.678217 0.672582 0.750727 0.74075 0.761378 0.731973 0.678657 0.802779 0.793266 0.784324 0.616952 0.685617 0.641662 0.799436 0.769823 0.700687 0.802455 0.790234 0.781855 0.642279 0.613471 0.711024 0.630062 0.641533 0.769869 0.76217 0.748412 0.708814 0.727568 0.783318 0.776136 0.49296 0.68736 0.647926 0.584083 0.74885 0.731043 0.605341 0.688879 0.609774 0.557032 0.62194 0.55438 0.768631 0.697626 0.736933 0.550342 0.709816 0.654983 0.510214 0.729425 0.423744 0.667271 0.749843 0.651503 0.582588 0.721609 0.578042 0.75161 0.712046 0.685075 0.555762 0.701808 0.614973 0.719546 0.651975 0.600691 0.526846 0.689542 0.677155 0.581785 0.737166 0.657624 0.612328 0.554514 0.703455 0.589364 0.689833 0.709391 0.620683 0.563448 0.537631 0.631186 0.501827 0.723438 0.717814 0.520219 0.70852 0.678996 0.632394 0.530323 0.494204 0.433939 0.56574 0.68844 0.549295 0.538961 0.664275 0.607505 0.578998 0.684541 0.701749 0.613282 0.590879 0.66449 0.458684 0.511089 0.643683 0.534769 0.507701 0.522143 0.511061 0.619208 0.673807 0.662342 0.603401 0.485272 0.484224 0.453229 0.561992 0.500237 0.480062 0.481214 0.596893 0.448365 0.623134 0.499535 0.477655 0.39065 0.635047 0.585799 0.649456 0.44559 0.579759 0.632528 0.610656 0.501659 0.485595 0.622766 0.54943 0.572384 0.397532 0.596711 0.349464 0.606486 0.541486 0.392387 0.588016 0.618722 0.607366 0.532476 0.584961 0.570849 0.604149 0.396786 0.593866 0.565923 0.391416 0.556629 0.606228 0.528004 0.573573 0.50997 0.387283 0.594372 0.581887 0.517455 0.557231 0.393528 0.550919 0.377853 0.376518 0.382503 0.38589 0.587149 0.57091 0.375154 0.397502 0.552329 0.569901 0.384074 0.551888 0.384162 0.397668 0.403661 0.416918 0.41262 0.424035 0.435068 0.412834 0.433655 0.471876 0.444635 0.459531 0.435285 0.427641
0.2
