-0.276 -0.2752 -0.2264 -0.2632 -0.224 -0.2736 -0.2748 -0.2604 -0.2616 -0.21 -0.2392 -0.2024 -0.2052 -0.2212 -0.1924 -0.2072 -0.2244 -0.1932 -0.2636 -0.1992 -0.2088 -0.2032 -0.2256 -0.2332 -0.236 -0.2356 -0.2604 -0.2404 -0.2432 -0.2324 -0.1888 -0.2452 -0.1948 -0.2544 -0.2464 -0.248 -0.2464 -0.24 -0.2572 -0.2344 -0.188 -0.262 -0.2572 -0.2592 -0.2604 -0.2052 -0.2608 -0.1956 -0.1976 -0.1892 -0.1984 -0.1924 -0.1956 -0.1936 -0.2056 -0.2352 -0.206 -0.2644 -0.2672 -0.2064 -0.1956 -0.2752 -0.222 -0.206 -0.2076 -0.2388 -0.236 -0.2324 -0.2096 -0.2256 -0.2676 -0.2416 -0.2188 -0.2624 -0.2292 -0.2356 -0.242 -0.238 -0.276 -0.2168 -0.2144 -0.208 0.2444 -0.2424 -0.2068 -0.2108 -0.2104 0.3088 -0.2292 0.244 -0.2724 -0.224 -0.2104 -0.212 -0.2116 -0.2744 0.2704 -0.2332 -0.2196 0.2968 0.258 -0.2352 -0.2152 0.2648 -0.224 0.2968 -0.2196 0.2756 -0.2312 0.2812 0.3164 0.3076 0.2748 0.3196 0.2504 0.2484 0.3004 0.264 0.2644 0.3084 0.2584 0.2704 0.2684 0.2628 0.29 0.294 -0.246 -0.2336 0.314 0.2692 0.208 0.2732 0.282 0.264 -0.2572 0.282 0.2872 -0.2408 0.2728 -0.2208 0.2636 0.2552 0.3068 0.2936 0.3012 0.3128 0.276 -0.2516 0.2388 0.3104 -0.2668 0.3312 0.332 -0.2604 -0.2628 0.2548 -0.262 0.2488 0.3308 -0.2408 0.3228 0.2568 0.2692 0.2608 0.2404 0.2808 0.3068 0.2996 0.2976 0.328 0.3024 0.2092 0.2928 0.3328 0.3336 0.2828 0.2588 0.308 0.2704 0.3292 0.2272 0.2608 0.2628 0.328 0.2448 0.3036 0.2516 0.2444 0.3188 0.2416 0.2432 0.3108 0.2932 0.322 0.2576 0.2688 0.3276 0.2828 0.3208 0.2368 0.2668 0.3212 0.2608 0.2652 0.288 0.3228 0.248 0.2432 0.3012 0.3156 0.3192 0.2932 0.3068 0.3116 0.3196 0.2812 0.2772 0.2572 0.2584 0.2724 0.2528 0.2044 0.246 0.2644 0.2436 0.2516 0.2644 0.2736 0.3148 0.3032 0.2596 0.3008 0.2792 0.2592 0.2768 0.2076 0.2944 0.2564 0.2928 0.3052 0.2788 0.2344 0.2288 0.2356 0.2104 0.2148 0.2284 0.2156 0.224 0.24 0.262 0.2632 0.224 0.2352
0.0196 -0.0036 -0.0524 -0.0564 -0.0524 -0.0644 -0.0672 -0.1256 -0.094 -0.0408 0.0372 -0.1108 -0.1068 -0.1024 -0.0976 -0.1 -0.0696 -0.0872 -0.082 -0.0816 -0.084 -0.048 -0.0612 -0.0628 -0.0616 -0.0596 -0.0668 -0.0676 -0.0628 -0.0604 -0.0748 -0.0616 -0.07 -0.0436 -0.0596 -0.0248 -0.0416 -0.0592 -0.0448 -0.054 -0.0428 -0.04 -0.0508 -0.0512 -0.0716 -0.0596 -0.054 -0.0036 -0.0648 -0.05 -0.062 -0.0556 -0.0156 -0.0316 -0.0504 -0.0464 -0.0492 -0.044 -0.0476 -0.04 -0.0284 -0.0396 -0.0468 0.0024 -0.044 -0.0384 -0.0168 -0.038 -0.0388 -0.04 -0.0376 -0.0352 -0.024 -0.0092 -0.0312 -0.0292 -0.026 0.042 -0.0204 0.0152 0.0192 0.0012 0.002 -0.006 0.012 -0.0056 0.018 -0.0032 -0.0084 0.0244 0.0052 -0.0008 0.0008 0.0212 0.0168 0.016 0.1024 0.0244 0.0096 -0.004 0.1012 0.0032 0.0088 0.0088 0.0204 0 0.0344 0.0048 0.0096 0.004 0.0124 0.0064 0.0096 0.0132 0.0596 0.0424 0.006 0.0288 0.0256 0.0104 0.0504 0.0216 0.0984 0.0488 0.0336 0.0092 0.0132 0.02 0.0188 0.0516 0.0936 0.044 0.0436 0.06 0.0324 0.02 0.038 0.0176 0.1096 0.0332 0.0684 0.0372 0.0184 0.034 0.0332 0.0244 0.038 0.038 0.0568 0.0272 0.0364 0.0536 0.044 0.0428 0.0436 0.0544 0.0456 0.06 0.0692 0.046 0.0396 0.0652 0.13 0.0744 0.082 0.0612 0.0572 0.0652 0.0772 0.0588 0.0632 0.1948 0.0856 0.0784 0.076 0.0948 0.0892 0.0844 0.0896 0.0836 0.1032 0.0868 0.0884 0.0924 0.2204 0.098 0.0932 0.1036 0.1204 0.1892 0.1856 0.1044 0.1364 0.1216 0.108 0.1184 0.1164 0.1368 0.138 0.1308 0.1124 0.1344 0.1348 0.1196 0.1408 0.11 0.1328 0.1868 0.126 0.1484 0.132 0.144 0.13 0.1496 0.1376 0.1944 0.2076 0.1456 0.1448 0.1852 0.1472 0.16 0.1896 0.1452 0.1792 0.1864 0.1484 0.18 0.156 0.1484 0.1548 0.1492 0.1836 0.2228 0.1928 0.1748 0.1712 0.2064 0.172 0.1684 0.1932 0.1712 0.1744 0.1756 0.1916 0.1972 0.2056 0.2028 0.2084 0.2096 0.2092 0.2108 0.2144 0.2172
0.0619155 0.0592289 -0.497005 -0.116441 -0.523555 -0.022711 -0.0157958 -0.323539 -0.214819 -0.671932 -0.340591 -0.916266 -0.865731 -0.658955 -1.02587 -0.819903 -0.547374 -0.983638 -0.164248 -0.880518 -0.759231 -0.766679 -0.519317 -0.439601 -0.407776 -0.408695 -0.164173 -0.372133 -0.334256 -0.444133 -1.02655 -0.311375 -0.919796 -0.188954 -0.29552 -0.237151 -0.269809 -0.361617 -0.161405 -0.412743 -0.985359 -0.105385 -0.16979 -0.149656 -0.173818 -0.757419 -0.137403 -0.841041 -0.868994 -0.97451 -0.852766 -0.931174 -0.844118 -0.883966 -0.738703 -0.393728 -0.731994 -0.0853466 -0.0610315 -0.715948 -0.851667 0.0344133 -0.538452 -0.699826 -0.705296 -0.346089 -0.359291 -0.413992 -0.674721 -0.490317 -0.0438379 -0.313222 -0.553128 -0.0783684 -0.442244 -0.371492 -0.301081 -0.358588 0.0614008 -0.571638 -0.601663 -0.674538 -0.722254 -0.287808 -0.69151 -0.640395 -0.649173 -0.309581 -0.429886 -0.72584 0.0288139 -0.486428 -0.644868 -0.631418 -0.634022 0.0466905 -0.552931 -0.39369 -0.537442 -0.376971 -0.634136 -0.36408 -0.588321 -0.574699 -0.492064 -0.376944 -0.552123 -0.504316 -0.408386 -0.469447 -0.268529 -0.316251 -0.509482 -0.251445 -0.679907 -0.693036 -0.35649 -0.581072 -0.57815 -0.311961 -0.621576 -0.538254 -0.564514 -0.591205 -0.418392 -0.393243 -0.251827 -0.386683 -0.281845 -0.549179 -1.07337 -0.522391 -0.467552 -0.584754 -0.147332 -0.465157 -0.435495 -0.308602 -0.540124 -0.537365 -0.588883 -0.642778 -0.321215 -0.397404 -0.353864 -0.288799 -0.503946 -0.211473 -0.769314 -0.302143 -0.050905 -0.195761 -0.189829 -0.12553 -0.101534 -0.647416 -0.112539 -0.691792 -0.201487 -0.333921 -0.237118 -0.634817 -0.570218 -0.608882 -0.759075 -0.47781 -0.32653 -0.368454 -0.382764 -0.213467 -0.352265 -1.06746 -0.41258 -0.193767 -0.188955 -0.474133 -0.625669 -0.326877 -0.549266 -0.213927 -0.872446 -0.611529 -0.598494 -0.223052 -0.780607 -0.355525 -0.67692 -0.732051 -0.282152 -0.784412 -0.770847 -0.318425 -0.429441 -0.265845 -0.638755 -0.568399 -0.234422 -0.489969 -0.279819 -0.79721 -0.579149 -0.275962 -0.626342 -0.591943 -0.461344 -0.256749 -0.713656 -0.771486 -0.379812 -0.312536 -0.285321 -0.433044 -0.350803 -0.334487 -0.285923 -0.530553 -0.562842 -0.654648 -0.646289 -0.577597 -0.685232 -1.11285 -0.752977 -0.607153 -0.76465 -0.712276 -0.608564 -0.567245 -0.320851 -0.379418 -0.642701 -0.393054 -0.535711 -0.68494 -0.555624 -1.07796 -0.44071 -0.692097 -0.450191 -0.379393 -0.543961 -0.830092 -0.87647 -0.822705 -1.05334 -1.01147 -0.895399 -1.00661 -0.933832 -0.808097 -0.657581 -0.651003 -0.937499 -0.848984
1 1 2 3 2 1 1 1 3 3 2 1 1 1 1 1 1 1 3 1 1 1 1 2 3 3 3 2 2 2 1 2 1 2 1 1 1 2 2 2 1 2 2 2 3 1 2 1 1 1 1 1 1 1 1 2 1 2 2 2 1 1 3 1 2 1 1 2 3 2 2 1 1 2 1 1 1 1 1 2 1 1 2 1 1 2 1 1 1 1 1 2 3 1 1 2 3 2 2 1 1 2 2 1 2 1 1 1 2 1 1 1 1 1 1 1 2 2 2 2 2 4 3 2 2 2 2 2 2 2 2 2 1 2 2 2 2 2 2 1 2 1 2 2 2 2 2 2 1 2 1 1 1 1 1 2 1 1 2 1 2 2 4 4 1 1 2 1 1 2 1 1 1 1 1 2 2 1 2 2 1 2 2 2 2 1 1 1 1 2 2 1 1 1 1 2 1 2 1 1 2 2 1 2 1 1 1 2 1 2 1 1 1 1 2 2 1 1 1 1 1 2 2 2 2 2 2 1 1 1 2 1 1 1 1 2 2 2 1 1 2 1 1 1 2 2 2 2 2 2 2 2 2 2
1 1 2 3 2 1 1 1 3 3 2 1 1 1 1 1 1 1 3 1 1 1 1 2 3 3 3 2 2 2 1 2 1 2 1 1 1 2 2 2 1 2 2 2 3 1 2 1 1 1 1 1 1 1 1 2 1 2 2 2 1 1 3 1 2 1 1 2 3 2 2 1 1 2 1 1 1 1 1 2 1 1 2 1 1 2 1 1 1 1 1 2 3 1 1 2 3 2 2 1 1 2 2 1 2 1 1 1 2 1 1 1 1 1 1 1 2 2 2 2 2 4 3 2 2 2 2 2 2 2 2 2 1 2 2 2 2 2 2 1 2 1 2 2 2 2 2 2 1 2 1 1 1 1 1 2 1 1 2 1 2 2 4 4 1 1 2 1 1 2 1 1 1 1 1 2 2 1 2 2 1 2 2 2 2 1 1 1 1 2 2 1 1 1 1 2 1 2 1 1 2 2 1 2 1 1 1 2 1 2 1 1 1 1 2 2 1 1 1 1 1 2 2 2 2 2 2 1 1 1 2 1 1 1 1 2 2 2 1 1 2 1 1 1 2 2 2 2 2 2 2 2 2 2
0.506546 0.661526 0.715501 1.04136 0.655766 0.636784 0.581887 0.622778 1.0077 0.893297 0.747779 0.327739 0.322088 0.334824 0.337815 0.322155 0.383083 0.329193 1.01763 0.329814 0.33115 0.452018 0.480236 0.650188 0.878605 0.890691 0.996085 0.661292 0.57867 0.648952 0.340046 0.574977 0.338016 0.63201 0.575291 0.566069 0.564019 0.60292 0.673489 0.764637 0.355064 0.706568 0.699654 0.743103 1.00025 0.388166 0.872553 0.385235 0.348571 0.346568 0.355027 0.346237 0.368457 0.36267 0.475735 0.576739 0.505639 0.737379 0.74576 0.66468 0.372616 0.597467 0.891544 0.42225 0.650953 0.546461 0.539752 0.550633 0.907246 0.583682 0.721224 0.545169 0.542743 0.65606 0.537593 0.535368 0.547182 0.432629 0.614335 0.747257 0.421772 0.539575 0.853044 0.564348 0.388737 0.611895 0.394723 0.608741 0.546235 0.514538 0.721748 0.563728 0.936238 0.395732 0.406442 0.710621 0.880288 0.62193 0.586602 0.575663 0.806117 0.576191 0.667322 0.536396 0.620589 0.60676 0.424771 0.578104 0.596246 0.622669 0.638432 0.682663 0.686627 0.617541 0.678921 0.53635 0.926127 0.835253 0.860922 0.913342 0.892572 1.17297 0.904977 0.712387 0.561021 0.73306 0.635545 0.627752 0.704022 0.58065 0.78086 0.565195 0.546708 0.662723 0.727439 0.603835 0.552947 0.646402 0.782107 0.408704 0.748343 0.662667 0.627427 0.567406 0.593395 0.639268 0.564281 0.664793 0.491613 0.635302 0.514895 0.670455 0.669654 0.46811 0.464445 0.83318 0.477609 0.609025 1.00562 0.436289 0.670448 0.811268 1.15045 1.14542 0.499018 0.541131 0.57451 0.541659 0.5347 0.695659 0.549339 0.792653 0.53545 0.6814 0.712085 0.558799 0.825598 0.56013 0.69383 0.72344 0.470717 0.804886 0.83856 0.737786 0.680225 0.546539 0.596194 0.498597 0.662655 0.708773 0.818966 0.580664 0.557586 0.671917 0.649062 0.909366 0.726123 0.573914 0.734167 0.476474 0.816441 1.03882 0.703476 0.834823 0.56336 0.607028 0.504651 0.750301 0.559667 0.780205 0.638821 0.56345 0.589636 0.603353 0.776814 0.652218 0.647726 0.629236 0.661877 0.597924 0.557986 0.744716 0.670778 0.841633 0.897712 0.65484 0.880353 0.592765 0.757527 0.610472 0.882009 0.592366 0.59859 0.65144 0.614398 0.722988 0.627653 0.627233 0.615499 0.616006 0.624143 0.566648 0.597868 0.617476 0.722179 0.701437 0.668149 0.709129 0.68045 0.649285 0.637044 0.650802 0.70425 0.669226
2 2 2 2 2 2 2 2 2 2 2 2 2 2 2 2 2 2 2 2 2 2 2 2 2 2 2 2 2 2 2 2 2 2 2 2 2 2 2 2 2 2 2 2 2 2 2 2 2 2 2 2 2 2 2 2 2 2 2 2 2 2 2 2 2 2 2 2 2 2 2 2 2 2 2 2 2 2 2 2 2 2 2 2 2 2 2 2 2 2 2 2 2 2 2 2 2 2 2 2 2 2 2 2 2 2 2 2 2 2 2 2 2 2 2 2 2 2 2 2 2 2 2 2 2 2 2 2 2 2 2 2 2 2 2 2 2 2 2 2 2 2 2 2 2 2 2 2 2 2 2 2 2 2 2 2 2 2 2 2 2 2 2 2 2 2 2 2 2 2 2 2 2 2 2 2 2 2 2 2 2 2 2 2 2 2 2 2 2 2 2 2 2 2 2 2 2 2 2 2 2 2 2 2 2 2 2 2 2 2 2 2 2 2 2 2 2 2 2 2 2 2 2 2 2 2 2 2 2 2 2 2 2 2 2 2 2 2 2 2 2 2 2 2 2 2 2 2 2 2 2 2 2 2
-10 -10 -10 -10 -10 -10 -10 -10 -10 -10 -10 -10 -10 -10 -10 -10 -10 -10 -10 -10 -10 -10 -10 -10 -10 -10 -10 -10 -10 -10 -10 -10 -10 -10 -10 -10 -10 -10 -10 -10 -10 -10 -10 -10 -10 -10 -10 -10 -10 -10 -10 -10 -10 -10 -10 -10 -10 -10 -10 -10 -10 -10 -10 -10 -10 -10 -10 -10 -10 -10 -10 -10 -10 -10 -10 -10 -10 -10 -10 -10 -10 -10 -10 -10 -10 -10 -10 -10 -10 -10 -10 -10 -10 -10 -10 -10 -10 -10 -10 -10 -10 -10 -10 -10 -10 -10 -10 -10 -10 -10 -10 -10 -10 -10 -10 -10 -10 -10 -10 -10 -10 -10 -10 -10 -10 -10 -10 -10 -10 -10 -10 -10 -10 -10 -10 -10 -10 -10 -10 -10 -10 -10 -10 -10 -10 -10 -10 -10 -10 -10 -10 -10 -10 -10 -10 -10 -10 -10 -10 -10 -10 -10 -10 -10 -10 -10 -10 -10 -10 -10 -10 -10 -10 -10 -10 -10 -10 -10 -10 -10 -10 -10 -10 -10 -10 -10 -10 -10 -10 -10 -10 -10 -10 -10 -10 -10 -10 -10 -10 -10 -10 -10 -10 -10 -10 -10 -10 -10 -10 -10 -10 -10 -10 -10 -10 -10 -10 -10 -10 -10 -10 -10 -10 -10 -10 -10 -10 -10 -10 -10 -10 -10 -10 -10 -10 -10 -10 -10 -10 -10 -10 -10 -10 -10 -10 -10 -10 -10 -10 -10 -10 -10 -10 -10
0.0360682 0.0720918 0.0197457 0.00978777 0.0215217 0.0744832 0.00951705 0.0652463 0.00656445 0.0388772 0.0155085 0.00701193 0.00907264 0.00696752 0.00679661 0.0118707 0.0149971 0.0128705 0.00574724 0.020624 0.0184731 0.038393 0.0170718 0.0121634 0.011208 0.0119394 0.0100653 0.00816992 0.00849954 0.0132735 0.0108533 0.00834387 0.0235456 0.012254 0.00857946 0.0195928 0.0134455 0.010291 0.0125169 0.0142072 0.0119151 0.011304 0.0110478 0.0118012 0.00706385 0.0318382 0.0122288 0.00889932 0.028682 0.0171937 0.0305538 0.0253521 0.0259255 0.0290765 0.0364374 0.0163366 0.036883 0.00869436 0.00551657 0.038538 0.0345583 0.0644738 0.0159669 0.0446216 0.0241069 0.0174089 0.0287755 0.0213587 0.0167497 0.0256123 0.00509942 0.0173597 0.0407258 0.00658525 0.0269343 0.0232395 0.0211865 0.0321888 0.0695167 0.0512992 0.0421121 0.0520244 0.00803225 0.0182774 0.0280002 0.0568505 0.0276647 0.0197005 0.0247467 0.0206107 0.0654115 0.0225731 0.0265541 0.0246476 0.0369316 0.0285794 0.0107346 0.0190986 0.0353091 0.0359958 0.0284746 0.0152245 0.0604142 0.038765 0.0470786 0.0479499 0.00690003 0.0470066 0.0139098 0.0511706 0.0484856 0.0544046 0.0531448 0.0361784 0.0438314 0.0424989 0.0159375 0.0404601 0.0174764 0.0382233 0.0487473 0.0290492 0.0280188 0.0499409 0.0199937 0.0641959 0.00700185 0.0124721 0.0548469 0.0486553 0.00786899 0.0461474 0.0317802 0.04523 0.00615893 0.0449685 0.0237529 0.0071338 0.0235413 0.0164316 0.0414899 0.0484962 0.0258789 0.0159216 0.0086104 0.017495 0.0408428 0.0445659 0.0335219 0.00790928 0.0493583 0.0457286 0.0189681 0.035121 0.0186544 0.0185043 0.00786524 0.0430108 0.018765 0.0134652 0.0165333 0.0432991 0.0177667 0.0189987 0.0338486 0.0410517 0.00829076 0.0193337 0.0257545 0.0212561 0.0152713 0.0786062 0.0317138 0.0279539 0.014925 0.0279049 0.0177852 0.0129683 0.0311468 0.0255982 0.0200426 0.0338834 0.0329014 0.00734635 0.00886511 0.0204835 0.0322135 0.0280656 0.0582085 0.00585805 0.00627784 0.00905813 0.020355 0.0758311 0.0259432 0.0211055 0.0196243 0.0170303 0.0446246 0.0176942 0.0232362 0.030824 0.0168676 0.0192864 0.017851 0.068466 0.0179976 0.00619116 0.0207228 0.0116959 0.0744501 0.0201472 0.0099184 0.06082 0.0326717 0.00596293 0.054355 0.0141368 0.0143153 0.0128781 0.0137804 0.0124706 0.00639723 0.0141561 0.00696695 0.00727271 0.0134657 0.0125492 0.0191137 0.00757357 0.0120613 0.011529 0.0170074 0.065011 0.0154008 0.00649329 0.00706816 0.0119384 0.00937458 0.0698619 0.0117625 0.00707964 0.00562196 0.0065448 0.0119545 0.00831669 0.00594183 0.0129686 0.00877169 0.00806618 0.0142382 0.0102075 0.00980183 0.0144004
0.0360682 0.0720918 0.0197457 0.0140653 0.0215217 0.0744832 0.00951705 0.0652463 0.0127489 0.0388772 0.0604288 0.00701193 0.00907264 0.00696752 0.00679661 0.0118707 0.0149971 0.0128705 0.0145522 0.020624 0.0184731 0.038393 0.0170718 0.0121634 0.011208 0.0119394 0.0100959 0.00816992 0.00849954 0.0132735 0.0108533 0.00834387 0.0235456 0.012254 0.00857946 0.0195928 0.0134455 0.010291 0.0125169 0.0142072 0.0119151 0.0163801 0.0110478 0.0118012 0.00967998 0.0318382 0.0122288 0.00889932 0.028682 0.0171937 0.0305538 0.0253521 0.0259255 0.0290765 0.0364374 0.0163366 0.036883 0.017776 0.0217767 0.0415422 0.0345583 0.0644738 0.0255092 0.0446216 0.0387732 0.0174089 0.0297422 0.0213587 0.0402673 0.0256123 0.0245818 0.0173597 0.0407258 0.0306978 0.0269343 0.0232395 0.0211865 0.0321888 0.0695167 0.0582453 0.0421121 0.0520244 0.00803225 0.0329409 0.0280002 0.0570444 0.0276647 0.0197005 0.0412684 0.0206107 0.0654115 0.0526813 0.0568413 0.0246476 0.0369316 0.0781181 0.0262682 0.0689829 0.0630657 0.0359958 0.0284746 0.04577 0.0604142 0.038765 0.06517 0.0479499 0.00690003 0.0470066 0.055764 0.0511706 0.0484856 0.0544046 0.0531448 0.0361784 0.0438314 0.0424989 0.0601099 0.0541695 0.0538433 0.0623162 0.0487473 0.0571976 0.0280188 0.0499409 0.0580051 0.0641959 0.0490932 0.0651457 0.0685798 0.0486553 0.00786899 0.052066 0.0518136 0.04523 0.0762378 0.06247 0.0550929 0.057387 0.0235413 0.0164316 0.0414899 0.0484962 0.0704425 0.0583561 0.0612678 0.0722102 0.0549487 0.0711803 0.0335219 0.0704367 0.0493583 0.0457286 0.0189681 0.035121 0.0186544 0.0466842 0.00786524 0.0430108 0.063654 0.0134652 0.0747678 0.0432991 0.0177667 0.0391949 0.0338486 0.0424365 0.0491974 0.0417482 0.0358979 0.0756875 0.0437558 0.0786062 0.0317138 0.0279539 0.0149617 0.0279049 0.0331726 0.0383718 0.0311468 0.0760455 0.0200426 0.0338834 0.0329014 0.0784488 0.0220628 0.0315981 0.0322135 0.0280656 0.0582085 0.00585805 0.00627784 0.0367971 0.020355 0.0758311 0.0259432 0.0211055 0.0196871 0.0170303 0.0446246 0.0176942 0.0232362 0.065367 0.0168676 0.0210586 0.017851 0.068466 0.0179976 0.00619116 0.0259072 0.0793199 0.0744501 0.0201472 0.0321492 0.06082 0.0760157 0.0290229 0.054355 0.0141368 0.0143153 0.0128781 0.0137804 0.0141188 0.00639723 0.0141561 0.00696695 0.00727271 0.0134657 0.0125492 0.019295 0.0319403 0.0120613 0.0283174 0.0170074 0.065011 0.0198744 0.00649329 0.0300206 0.0119384 0.0275965 0.0698619 0.0230008 0.00707964 0.00562196 0.0065448 0.0155881 0.00831669 0.00594183 0.0150177 0.00877169 0.00806618 0.018596 0.0223926 0.019302 0.0144004
0.547506 2.15482 0.52405 0.593219 0.541171 2.12045 0.591015 2.25274 0.61987 3.77587 0.580489 0.580511 0.573482 0.546212 0.588465 0.563848 0.511661 0.577006 0.613461 0.553436 0.53966 0.535053 0.561495 0.574415 3.30316 2.56569 0.612802 2.76873 2.92779 0.556624 0.583644 2.63627 0.553859 2.18553 2.47752 2.22957 2.36449 3.1566 2.47116 2.1148 0.583766 3.26805 2.76297 4.31283 0.619691 0.515523 6.68874 0.590677 0.536461 0.573519 0.530093 0.554982 0.559781 0.551405 0.552708 3.31127 0.577448 4.52854 4.92718 0.546492 0.538404 2.10028 2.52578 0.522009 0.567035 2.83546 2.48332 3.23189 2.54724 3.50467 3.78238 2.58091 3.19522 2.58701 3.10459 2.75711 2.42535 0.552295 2.07891 0.52846 0.530023 0.568728 0.611528 2.27609 0.557739 3.96405 0.558637 2.79263 2.49647 2.96911 3.36153 2.52606 2.85142 0.563864 0.540817 2.87507 0.589577 2.52328 3.04895 3.72139 2.1394 2.32522 3.8739 4.22813 3.64309 4.7438 0.595447 4.82954 2.36202 4.1856 4.67084 3.71676 2.79617 3.64985 2.35285 5.06622 2.55213 3.56072 2.59445 3.411 3.86248 2.95732 0.533563 0.564177 0.574466 0.534041 2.42731 2.38798 0.52828 0.531793 0.610192 0.541631 0.558676 0.541826 2.55388 0.541555 0.569041 2.43776 0.620609 0.577556 0.602753 2.65859 0.565447 0.581184 0.595509 0.577836 0.547546 3.57789 4.31747 0.596419 0.523821 4.39192 2.73952 0.548258 0.574423 2.62879 0.594029 3.24341 2.61782 0.582941 0.579346 3.85508 2.88815 2.61642 5.37757 0.548656 0.597469 0.576915 0.567992 0.571846 0.583762 0.602808 0.557135 3.09475 2.62228 0.538566 2.62344 0.589191 0.567492 0.565634 3.52861 3.65017 4.38531 0.597213 0.604689 0.57697 3.36164 5.7939 0.606783 0.546545 0.605209 0.597982 0.566031 0.625644 2.59566 3.58213 2.74704 0.545342 4.22356 4.67888 3.8343 3.04429 2.29491 2.67913 0.557982 0.623975 6.33069 0.56179 0.578542 0.587994 0.622465 0.571104 0.597397 0.620742 0.556176 0.607401 0.623107 3.44979 2.82018 0.574214 5.81393 0.605493 0.544114 3.74776 2.83026 0.54383 4.44222 0.56905 2.72633 0.602768 2.57938 0.595329 0.58369 0.592748 0.592465 0.606436 0.604589 0.586419 0.600405 0.603994 0.59772 7.33709 7.07229 5.62323 0.604433 0.601956 0.588537 0.603099 0.598025 0.586793 0.596085 0.601526 0.604871 0.598383
0.440231 0.384643 0.508009 0.300105 0.458673 0.370868 0.307061 0.413256 0.201195 0.661505 0.340921 0.340623 0.362502 0.443896 0.315233 0.391781 0.543326 0.351667 0.227364 0.422774 0.462978 0.476482 0.399197 0.359816 0.611543 0.493019 0.230059 0.531822 0.558908 0.413445 0.330808 0.506845 0.421543 0.394453 0.472491 0.407041 0.444709 0.592298 0.473103 0.368802 0.33046 0.608168 0.532853 0.705047 0.201997 0.532329 0.810217 0.308126 0.472254 0.362498 0.490599 0.41824 0.404036 0.428785 0.425196 0.612136 0.350697 0.719286 0.742248 0.443202 0.466655 0.363966 0.484394 0.5138 0.382338 0.543818 0.47413 0.602321 0.489086 0.634248 0.662831 0.495539 0.597714 0.498601 0.585371 0.530096 0.460213 0.426193 0.35644 0.495334 0.490824 0.377448 0.235059 0.421061 0.410114 0.677803 0.40745 0.537147 0.477304 0.566203 0.619465 0.484093 0.547022 0.391846 0.459679 0.550903 0.311813 0.483649 0.577694 0.656568 0.379428 0.435009 0.670015 0.698539 0.648797 0.731654 0.29225 0.73647 0.444944 0.69507 0.727412 0.655614 0.536626 0.649648 0.441062 0.74893 0.490201 0.640538 0.499147 0.624264 0.668977 0.564097 0.480665 0.391166 0.359713 0.479384 0.462216 0.451774 0.495861 0.485779 0.240154 0.45737 0.407412 0.456914 0.491275 0.45758 0.376309 0.464692 0.198322 0.350055 0.267463 0.510943 0.387151 0.338776 0.292147 0.349248 0.440157 0.642244 0.704935 0.28905 0.508624 0.709892 0.527589 0.43803 0.359772 0.506173 0.297038 0.603506 0.50392 0.333136 0.34453 0.668652 0.553113 0.50362 0.763691 0.436931 0.285514 0.352163 0.379524 0.367734 0.330636 0.26726 0.412017 0.584465 0.505042 0.466273 0.505123 0.313158 0.381185 0.386582 0.63751 0.649602 0.709321 0.286332 0.260322 0.352019 0.617962 0.780801 0.251792 0.443196 0.258685 0.283796 0.385489 0.174788 0.498122 0.642297 0.528944 0.446644 0.698141 0.72817 0.666835 0.577147 0.425183 0.516136 0.409541 0.18318 0.799557 0.398302 0.347139 0.316978 0.190101 0.370108 0.285817 0.197703 0.41479 0.250376 0.187143 0.628038 0.540763 0.360601 0.78146 0.257483 0.450251 0.65897 0.543555 0.451071 0.713101 0.376386 0.525135 0.267129 0.496114 0.292849 0.330949 0.301661 0.302462 0.254127 0.26063 0.322242 0.275461 0.263036 0.284754 0.827178 0.820626 0.773949 0.261294 0.27016 0.315425 0.266062 0.283801 0.321055 0.290343 0.271568 0.259685 0.282535
0.578983 0.593716 0.573619 0.61104 0.570832 0.621591 0.62325 0.624408 0.621357 0.547145 0.532849 0.563848 0.567384 0.587428 0.543309 0.568637 0.57954 0.541948 0.619912 0.55037 0.565703 0.541518 0.577066 0.58621 0.588589 0.587244 0.612817 0.59564 0.596287 0.584239 0.529495 0.597659 0.538543 0.5977 0.597902 0.581253 0.589116 0.591541 0.600805 0.583271 0.515443 0.602637 0.603637 0.605531 0.614481 0.550098 0.608095 0.509543 0.540967 0.52051 0.540996 0.528374 0.51482 0.51937 0.546143 0.580221 0.546096 0.606597 0.610506 0.541875 0.520794 0.613205 0.565515 0.518972 0.545618 0.579687 0.563966 0.572601 0.545539 0.566041 0.606193 0.580799 0.548811 0.58559 0.565141 0.571023 0.575883 0.528846 0.604269 0.524008 0.519446 0.521862 7.59842 0.563888 0.51517 0.528737 0.51601 3.45221 0.551361 6.17016 0.585525 0.540977 0.524812 0.516052 0.517822 0.580031 2.82174 0.535106 0.530071 3.81054 3.09565 0.550494 0.525805 4.96742 0.528421 3.72963 0.516672 4.46065 0.542277 4.21733 3.0608 3.32671 4.36403 2.99402 4.20844 4.9015 3.5131 4.36622 4.43905 3.24827 4.05393 4.24675 2.90363 3.89865 3.32006 3.63665 0.55494 0.538222 3.02336 3.59931 7.98275 3.61612 3.36266 3.60984 0.552578 3.80906 3.31965 0.54689 2.70925 0.518367 3.46261 4.6144 3.16724 3.2282 3.07838 2.9757 3.64243 0.543607 5.11945 2.9836 0.558552 2.46259 2.52639 0.548239 0.549817 4.12309 0.547699 4.28569 2.36131 0.528874 2.66851 3.76932 2.58524 3.44214 4.13086 3.12254 2.7138 2.7375 2.65186 2.45614 2.71712 3.44494 2.64061 2.29076 2.29828 2.6969 3.25175 2.4714 2.96927 2.28881 4.34149 3.23442 3.15813 2.25012 2.37586 2.42085 3.40169 3.46043 2.1776 2.56933 2.56632 2.31638 2.28742 2.15251 3.01472 2.68998 2.14084 2.37947 2.09559 3.26244 2.7808 2.10656 2.66977 2.73692 2.30873 2.19885 2.93186 2.5589 2.27626 2.08716 2.12701 2.24985 2.21476 2.10498 2.1036 2.14093 2.12953 2.63584 2.62378 2.23754 2.69426 4.54337 2.50103 2.53538 2.60151 2.44372 2.51285 2.24823 2.06633 2.16 2.532 2.17245 2.19063 2.22252 2.17644 3.87393 2.13139 2.30109 2.13869 2.07796 2.16097 2.84232 2.95018 2.77722 3.425 3.16324 2.70776 3.07847 2.78857 2.48377 2.23947 2.22412 2.75013 2.52111
0.345914 0.298446 0.362278 0.236906 0.37081 0.193997 0.186594 0.18045 0.194682 0.441305 0.482812 0.391746 0.381101 0.318594 0.452355 0.377325 0.343843 0.456328 0.201066 0.431784 0.386253 0.457651 0.351595 0.322716 0.315035 0.319398 0.229999 0.291683 0.289527 0.329037 0.49228 0.284871 0.466224 0.284831 0.284053 0.338639 0.313413 0.305387 0.274127 0.332142 0.532505 0.267734 0.264127 0.257338 0.223443 0.432633 0.247957 0.54934 0.459217 0.51804 0.459138 0.495527 0.53431 0.521318 0.444207 0.3418 0.444346 0.253518 0.238993 0.456634 0.517256 0.228703 0.386935 0.522495 0.445749 0.343506 0.391672 0.365451 0.445989 0.385371 0.255028 0.340029 0.436473 0.324932 0.388104 0.370303 0.35539 0.49431 0.262051 0.508126 0.521161 0.51424 0.833078 0.391936 0.533341 0.494558 0.530954 0.628316 0.429041 0.794241 0.325193 0.459305 0.505808 0.53084 0.525789 0.342625 0.541964 0.476301 0.490752 0.664278 0.584576 0.431609 0.502978 0.743807 0.4955 0.65682 0.529085 0.714221 0.455558 0.697413 0.578787 0.613838 0.707803 0.568904 0.697046 0.740449 0.635041 0.708045 0.712903 0.604163 0.685208 0.699639 0.555605 0.672367 0.61325 0.647847 0.418568 0.467308 0.573363 0.644369 0.841335 0.646021 0.618413 0.645495 0.425559 0.664291 0.613236 0.442163 0.521716 0.524254 0.629994 0.72404 0.593659 0.601797 0.581506 0.566217 0.648614 0.451751 0.751688 0.567455 0.407945 0.468548 0.483168 0.438281 0.433672 0.690621 0.43986 0.702612 0.443327 0.494234 0.512971 0.660939 0.497194 0.627764 0.691361 0.587958 0.521933 0.526469 0.510157 0.467086 0.522635 0.628962 0.508012 0.424026 0.42613 0.519182 0.605258 0.471123 0.565879 0.423564 0.706716 0.603036 0.59305 0.412351 0.449707 0.459098 0.623325 0.630011 0.390106 0.49462 0.493927 0.431757 0.424178 0.381724 0.57294 0.518147 0.377591 0.449254 0.361929 0.606944 0.534895 0.365857 0.514431 0.527013 0.430296 0.396785 0.560476 0.492349 0.420755 0.35906 0.373125 0.413308 0.40226 0.36566 0.364858 0.379434 0.375784 0.507833 0.50538 0.410411 0.519323 0.720221 0.47957 0.486638 0.501255 0.466097 0.481654 0.413531 0.351352 0.384875 0.486028 0.389046 0.395724 0.406562 0.391313 0.670978 0.375592 0.429349 0.378149 0.356115 0.386199 0.546235 0.563768 0.534979 0.626709 0.594678 0.52259 0.583075 0.537355 0.475898 0.411464 0.40682 0.530537 0.484483
0.2
