0.244 -0.2656 0.262 -0.2544 0.27 -0.204 0.3028 -0.2604 0.2672 0.2624 -0.206 -0.2532 0.2636 0.2744 0.3268 0.2376 0.2028 0.2612 0.2688 -0.24 -0.194 -0.2656 -0.2644 0.2152 -0.2508 -0.2568 0.2536 0.27 0.2664 0.2668 0.2312 0.2364 0.2668 0.2184 0.326 0.2404 -0.2468 -0.2232 -0.2292 0.2676 0.272 0.2308 0.2932 0.262 -0.2092 0.3308 0.2812 -0.2024 -0.2544 0.2532
0.0576 -0.0784 0.1588 -0.072 0.1212 -0.0828 0.002 -0.0736 0.0996 0.0788 -0.0504 0.0076 0.0944 0.1172 0.0412 0.1852 0.1432 0.074 0.108 -0.0108 -0.0296 -0.0296 -0.0572 0.1924 0.0032 0.0084 0.1768 0.0224 0.1016 0.0976 0.1848 0.0816 0.182 0.1464 0.0388 0.1972 -0.0016 -0.0468 -0.052 0.0984 0.134 0.1836 0.1152 0.1064 -0.0408 0.066 0.1656 -0.0064 -0.0684 0.1928
-0.728014 -0.135413 -0.628873 -0.236119 -0.561805 -0.817949 -0.342905 -0.178021 -0.572597 -0.598984 -0.733593 -0.174587 -0.594701 -0.532834 -0.216366 -0.812053 -1.13293 -0.606093 -0.56488 -0.314362 -0.876285 -0.0566904 -0.105344 -1.00533 -0.19906 -0.137026 -0.693508 -0.540903 -0.578364 -0.574615 -0.86165 -0.791273 -0.610412 -0.95999 -0.220183 -0.797675 -0.240953 -0.524989 -0.465825 -0.569667 -0.554283 -0.864286 -0.420396 -0.608672 -0.681773 -0.200663 -0.513641 -0.747067 -0.228921 -0.705068
1 5 3 2 5 1 1 3 4 7 1 2 2 2 3 4 3 6 4 1 1 2 3 2 2 2 2 5 2 4 2 1 2 1 4 2 1 3 3 5 2 2 1 2 4 2 1 1 2 2
1 5 3 2 5 1 1 3 4 7 1 2 2 2 3 4 3 6 4 1 1 2 3 2 2 2 2 5 2 4 2 1 2 1 4 2 1 3 3 5 2 2 1 2 4 2 1 1 2 2
0.520738 1.68461 1.13248 0.775541 1.52401 0.331282 0.619076 1.00676 1.24022 1.87862 0.484027 0.634611 0.814344 0.693537 1.04712 1.38049 1.71612 1.79177 1.1602 0.552457 0.364635 0.695465 1.19436 0.699304 0.607458 0.662142 0.803242 1.5841 0.857769 1.20479 0.954843 0.48316 0.602947 0.530481 1.33552 0.653458 0.584115 0.940591 0.873588 1.46843 0.765729 0.915816 0.546678 0.886797 1.23584 1.08047 0.580094 0.409167 0.733639 0.628429
2 2 2 2 2 2 2 2 2 2 2 2 2 2 2 2 2 2 2 2 2 2 2 2 2 2 2 2 2 2 2 2 2 2 2 2 2 2 2 2 2 2 2 2 2 2 2 2 2 2
-10 -10 -10 -10 -10 -10 -10 -10 -10 -10 -10 -10 -10 -10 -10 -10 -10 -10 -10 -10 -10 -10 -10 -10 -10 -10 -10 -10 -10 -10 -10 -10 -10 -10 -10 -10 -10 -10 -10 -10 -10 -10 -10 -10 -10 -10 -10 -10 -10 -10
0.0397955 0.00456734 0.0114043 0.0065841 0.0104606 0.020403 0.0489808 0.0057537 0.00459774 0.0171929 0.0362554 0.00677176 0.0303266 0.0210901 0.0620643 0.0056517 0.0686182 0.0294906 0.0155414 0.0224083 0.0297197 0.0067981 0.00832531 0.00482318 0.00971035 0.00484266 0.00822452 0.00682747 0.0271126 0.00727764 0.00485022 0.0312592 0.0102809 0.00649204 0.0578174 0.00565444 0.013841 0.00734813 0.0179667 0.0235778 0.0167242 0.00489485 0.0233152 0.00750047 0.0394576 0.0057037 0.0146068 0.0427835 0.00707689 0.00756067
0.0397955 0.019151 0.0114043 0.0065841 0.0201734 0.020403 0.0489808 0.00955407 0.0277437 0.0370529 0.0362554 0.0412734 0.0303266 0.0210901 0.0655808 0.0056517 0.0703249 0.0393187 0.0244974 0.0309429 0.0297197 0.0236609 0.0155453 0.00482318 0.0372704 0.0425994 0.00822452 0.0571104 0.0271126 0.0285658 0.00485022 0.0312592 0.0102809 0.00649204 0.066157 0.00565444 0.0342876 0.0245157 0.0179667 0.0281378 0.0167242 0.00489485 0.0233152 0.0259651 0.0394576 0.0624058 0.0146068 0.0427835 0.00707689 0.00756067
5.19931 0.533691 0.601407 4.96441 2.47561 0.544806 4.72355 0.622039 2.82928 0.577757 0.5597 2.44452 4.06673 0.562457 3.64542 2.62327 5.91363 2.97296 2.53479 2.33277 0.550275 3.06453 4.55405 0.598547 2.3043 2.68158 0.6053 2.56537 4.291 2.54434 4.45782 4.7146 0.559802 4.23038 4.21841 0.556475 2.24867 2.52488 3.45681 2.75344 0.605717 3.11707 0.557376 2.57193 3.97938 2.66716 0.565715 0.523601 3.11213 0.557591
0.755445 0.48039 0.272204 0.744217 0.473324 0.448041 0.730469 0.191639 0.544168 0.349476 0.40454 0.466491 0.686244 0.396311 0.648705 0.503883 0.785581 0.566502 0.486421 0.436645 0.432103 0.581058 0.720294 0.282039 0.429958 0.517531 0.258358 0.493669 0.702766 0.48909 0.71411 0.730148 0.404161 0.699032 0.697572 0.414041 0.413455 0.484803 0.629373 0.52994 0.25685 0.587527 0.411322 0.49501 0.679184 0.514543 0.386458 0.50924 0.587787 0.410733
4.66926 0.620322 2.47442 0.609875 2.64681 0.5583 3.51871 0.615137 2.9132 3.31803 0.546705 0.565776 3.05508 2.6177 2.60626 2.66395 5.44949 3.43674 2.79107 0.564453 0.519035 0.600392 0.612308 3.19947 0.566356 0.56873 2.47141 4.24421 2.90567 2.94506 2.79704 4.38855 2.29987 3.77304 2.63646 2.54137 0.565523 0.566944 0.576587 2.91938 2.51814 2.81604 2.41024 2.93834 0.546081 2.38167 2.24657 0.519095 0.608569 2.39239
0.727419 0.19935 0.472973 0.241189 0.50972 0.408394 0.635614 0.220822 0.557161 0.613364 0.442568 0.386302 0.578731 0.503774 0.500388 0.51392 0.767187 0.627156 0.536668 0.390227 0.522275 0.275645 0.232047 0.599415 0.384545 0.377385 0.472538 0.69946 0.555969 0.562197 0.538584 0.70981 0.428566 0.66179 0.506559 0.488684 0.38704 0.382626 0.353117 0.558139 0.482635 0.541877 0.456731 0.56123 0.444406 0.448613 0.41275 0.522132 0.246097 0.453493
0.2
