0.2464 -0.2644 -0.2572 -0.1964 0.2444 -0.2736 0.2576 0.3308 -0.1972 -0.262 -0.2348 -0.2232 0.2632 0.3136 -0.2208 -0.2552 -0.204 0.2464 0.2128 0.3244 -0.2652 -0.2124 -0.2708 0.2688 0.3164 0.2552 0.2784 -0.204 0.2696 -0.2236 -0.2364 0.2896
0.028 -0.0564 -0.0728 -0.0244 0.1788 -0.052 0.1032 0.098 -0.1008 -0.0908 -0.064 -0.0456 0.076 0.0976 -0.0472 -0.0116 -0.0308 0.1264 0.1904 0.1184 -0.0308 -0.0832 0.0336 0.1048 0.1336 0.058 0.0568 0.0104 0.118 0.0108 -0.0368 0.1312
-0.707337 -0.10399 -0.209094 -0.837232 -0.758678 -0.000423225 -0.63741 -0.210578 -0.960023 -0.202355 -0.424631 -0.523493 -0.593043 -0.300846 -0.552509 -0.154752 -0.738109 -0.723192 -1.02815 -0.251903 -0.0620078 -0.713332 -0.0055924 -0.563869 -0.300882 -0.645037 -0.491736 -0.726939 -0.563177 -0.49248 -0.369906 -0.447732
1 3 3 1 2 1 1 1 1 3 2 4 3 2 3 2 2 1 2 2 2 1 1 5 1 2 1 1 4 2 1 1
1 3 3 1 2 1 1 1 1 3 2 4 3 2 3 2 2 1 2 2 2 1 1 5 1 2 1 1 4 2 1 1
0.50417 1.23822 1.00133 0.37763 0.890636 0.655837 0.703489 0.69862 0.327016 1.00509 0.661655 1.21243 0.871408 0.601264 0.869164 0.606503 0.667196 0.495352 0.706325 0.750428 0.693835 0.334118 0.48342 1.52795 0.608178 0.814555 0.54435 0.384105 1.16007 0.586937 0.544612 0.558096
2 2 2 2 2 2 2 2 2 2 2 2 2 2 2 2 2 2 2 2 2 2 2 2 2 2 2 2 2 2 2 2
-10 -10 -10 -10 -10 -10 -10 -10 -10 -10 -10 -10 -10 -10 -10 -10 -10 -10 -10 -10 -10 -10 -10 -10 -10 -10 -10 -10 -10 -10 -10 -10
0.0297506 0.00805278 0.00746938 0.0355966 0.00709731 0.0549907 0.0277546 0.0277965 0.00953877 0.00674761 0.0110845 0.00952111 0.0239791 0.00520385 0.0263408 0.0128473 0.0298771 0.0200868 0.0060427 0.0167198 0.00729772 0.0171762 0.0311427 0.00847468 0.060535 0.0268774 0.0421264 0.0186605 0.0180828 0.0236726 0.0193435 0.0194778
0.0297506 0.0156342 0.00746938 0.0355966 0.00709731 0.0549907 0.0277546 0.0277965 0.00953877 0.0128146 0.0110845 0.0250477 0.0381565 0.0413125 0.0263408 0.0260112 0.0465671 0.0200868 0.0060427 0.0780949 0.022671 0.0171762 0.0311427 0.0256171 0.060535 0.0457225 0.0449549 0.0186605 0.021162 0.0627768 0.0193435 0.0194778
3.54052 2.58835 0.613973 0.536746 2.95241 2.22625 2.17506 3.08185 0.580363 0.618743 0.544969 0.611036 0.56758 0.605768 3.28928 2.24267 0.558977 6.08989 0.602826 0.578917 3.05933 0.534436 0.555266 2.49956 0.625212 2.91244 0.547162 0.573416 2.59386 2.62085 2.94625 0.555845
0.638612 0.498435 0.225492 0.471449 0.563426 0.40769 0.38894 0.582646 0.341133 0.20601 0.447638 0.236922 0.3807 0.256295 0.609849 0.412144 0.406476 0.791588 0.267108 0.345869 0.580319 0.478072 0.417447 0.47901 0.177279 0.55707 0.44129 0.362849 0.49899 0.504296 0.561924 0.415859
5.70512 0.611988 0.612402 0.520023 2.59128 0.617204 3.07802 2.20305 0.552946 0.620946 0.588436 0.566299 3.34164 2.33262 0.564284 0.580255 0.53374 3.04789 3.32488 2.15148 0.600684 0.57031 0.564214 2.82471 2.13717 4.00981 3.24371 0.512934 2.68121 0.533605 0.576257 2.34716
0.777335 0.233282 0.231557 0.519463 0.499118 0.212662 0.582103 0.397871 0.42417 0.196513 0.315518 0.384576 0.616176 0.436111 0.390633 0.341824 0.480147 0.57799 0.615069 0.381298 0.274625 0.372298 0.391065 0.542503 0.376721 0.68171 0.603971 0.539706 0.516449 0.480599 0.354192 0.440649
0.2
