0.2388 -0.1992 -0.2728 0.322 -0.2072 0.2632 -0.2632 -0.23 -0.2176 0.2996 -0.2132 0.2684 -0.2572 0.2508 0.318 -0.19 -0.2772 -0.2084 0.2728 -0.276 -0.258 -0.2648 -0.23 0.3268 -0.2052 0.2672 0.2592 0.324 -0.2736 -0.208 -0.248 -0.212 0.2948 0.298 -0.2704 -0.1964 -0.2184 0.2388 -0.2768 -0.2104 -0.2072 -0.2784 -0.2756 -0.2304 -0.2776 -0.2148 -0.2608 0.266 0.3192 0.2812 -0.2272 -0.238 0.262 -0.224 0.2588 0.2896 -0.2792 -0.206 -0.2136 -0.1924 0.208 -0.278 -0.212 0.2596 -0.2096 -0.2136 -0.2652 0.3264 -0.2656 -0.2132 0.3268 -0.2716 0.2604 -0.2032 -0.2712 -0.2084 0.3176 0.2408 0.27 -0.1968 0.3116 -0.2632 -0.2104 -0.2088 0.2548 -0.2036 -0.2336 -0.276 0.26 -0.208 -0.2332 -0.2296 0.306 0.27 -0.2592 -0.2616 -0.2224 0.2508 0.3224 -0.2612 -0.1932 0.3052 -0.2104 0.2644 -0.2752 -0.2616 -0.2628 0.214 -0.2736 -0.2068 -0.1932 -0.2708 0.2692 0.2516 -0.2584 -0.264 -0.208 -0.2324 0.218 -0.2292 0.286 -0.2108 0.3228 -0.2056 -0.2656 0.2568 -0.2636 -0.2024 0.2052 0.2616 -0.2796 0.3304 -0.1992 -0.2092 -0.2068 -0.2416 0.248 -0.2068 -0.272 -0.2584 0.3268 -0.272 -0.21 0.3296 -0.276 0.3268 0.2612 0.2596 -0.2284 0.252 -0.2648 -0.272 0.2696 0.2888 -0.2584 -0.2436 -0.2736 -0.226 -0.2624 -0.206 0.2308 -0.2612 -0.2252 0.2056 0.2696 -0.2608 0.3192 0.2448 -0.2084 -0.2116 0.2336 -0.2352 0.2692 -0.2608 -0.2668 -0.2028 -0.2736 0.234 0.332 -0.2724 -0.2748 -0.2252 -0.2452 -0.2352 -0.2604 0.3088 -0.2656 -0.2712 -0.2048 0.2548 -0.2208 -0.23 0.2536 0.2692 -0.2064 0.2848 0.3144 -0.2068 -0.276 0.3208
0.0356 -0.0184 -0.0696 0.1312 -0.0352 0.078 -0.1196 -0.0552 0.014 -0.0048 -0.0916 0.14 -0.0748 0.06 0.1268 -0.0344 -0.036 -0.0004 0.058 -0.0544 0.0456 -0.0632 -0.0488 0.112 -0.0224 0.0956 0.0644 0.1228 0.008 -0.0392 -0.0236 0.0064 0.1544 0.0444 -0.0872 -0.02 -0.056 0.186 -0.046 -0.04 -0.0128 -0.012 -0.0612 -0.0544 -0.0176 -0.0684 -0.0448 0.1316 0.132 0.206 -0.0596 -0.0704 0.0612 0.038 0.0516 0.1316 -0.0132 -0.0468 -0.1112 -0.092 0.0936 -0.018 0.0056 0.0496 -0.0508 -0.0072 -0.074 0.1128 -0.0624 0.0112 0.124 -0.0684 0.07 -0.056 -0.0856 0.0012 0.1428 0.0656 0.144 -0.074 0.1496 0.0368 0.0008 -0.0024 0.07 -0.02 -0.0592 -0.0268 0.1472 -0.0452 -0.0576 -0.058 0.1608 0.1172 -0.068 -0.0548 -0.0576 0.226 0.1344 -0.0976 0.004 0.162 -0.0424 0.072 -0.06 -0.1248 -0.0744 0.206 0.0184 -0.0104 -0.0244 0.0072 0.1156 0.068 -0.06 -0.0552 -0.0468 -0.0652 0.2064 -0.0732 0.0052 -0.0444 0.0992 -0.0168 -0.0784 0.0656 -0.0608 -0.1092 0.1656 0.0676 -0.0148 0.0672 -0.0572 -0.0016 -0.0252 -0.0408 0.1344 0.0172 0.0348 0.04 0.1096 0.012 -0.0372 0.0584 -0.0568 0.1112 0.1328 0.0608 -0.0264 0.1932 -0.078 -0.0632 0.1288 0.0524 0.0396 0.0148 -0.07 -0.1688 -0.0528 0.0024 0.1116 -0.074 -0.0504 0.1624 0.1368 -0.0584 0.1328 0.0016 -0.0436 -0.044 0.016 -0.0564 0.13 0.0416 -0.0568 -0.0196 0.0076 0.0152 0.0508 -0.0612 0.0188 -0.0608 -0.158 -0.0592 -0.058 0.0964 -0.0432 -0.0712 -0.0104 0.0428 -0.0468 -0.0568 0.2188 0.0252 -0.0144 0.11 0.1408 -0.0064 0.0196 0.1352
-0.76812 -0.794316 -0.0417078 -0.270241 -0.701029 -0.593461 -0.27558 -0.461808 -0.561874 -0.361003 -0.72359 -0.579388 -0.213319 -0.677021 -0.289235 -0.942914 0.0602333 -0.669532 -0.527056 0.021024 -0.154153 -0.111935 -0.452751 -0.236716 -0.716648 -0.571463 -0.618033 -0.255925 0.0411344 -0.694965 -0.236317 -0.625973 -0.429238 -0.373529 -0.10774 -0.834619 -0.592075 -0.803434 0.0428562 -0.666175 -0.686728 0.0918953 0.00452185 -0.456287 0.0804761 -0.654598 -0.123963 -0.591235 -0.285321 -0.538134 -0.499133 -0.402592 -0.598402 -0.505978 -0.618947 -0.447908 0.100149 -0.728913 -0.773118 -1.00949 -1.07337 0.0845989 -0.625844 -0.613162 -0.689072 -0.606933 -0.129681 -0.239123 -0.102163 -0.61269 -0.241914 -0.0516857 -0.610775 -0.777856 -0.095474 -0.669549 -0.299063 -0.753962 -0.571069 -0.898293 -0.334487 -0.0891466 -0.644868 -0.664637 -0.64967 -0.736032 -0.429336 0.0565504 -0.636696 -0.70172 -0.431059 -0.470447 -0.370743 -0.560361 -0.178853 -0.130396 -0.54913 -0.742931 -0.269682 -0.228626 -0.876788 -0.375761 -0.668813 -0.58424 0.00255978 -0.308948 -0.155161 -1.02385 0.0367618 -0.691034 -0.884583 0.0112704 -0.564872 -0.672291 -0.17223 -0.106149 -0.703686 -0.452339 -0.985999 -0.501773 -0.440334 -0.666253 -0.252591 -0.708604 -0.135413 -0.634881 -0.119939 -0.911127 -1.10385 -0.602192 0.103795 -0.203035 -0.833765 -0.659643 -0.698035 -0.319193 -0.714196 -0.693527 0.00588467 -0.142935 -0.235734 0.0226689 -0.668187 -0.205069 0.016845 -0.236386 -0.622932 -0.614712 -0.447214 -0.713426 -0.142686 -0.0371124 -0.567219 -0.428176 -0.142465 -0.277737 -0.0342205 -0.855215 -0.118911 -0.699826 -0.842166 -0.170685 -0.507464 -1.09859 -0.570467 -0.144677 -0.285701 -0.719117 -0.694839 -0.656078 -0.811887 -0.407855 -0.570218 -0.119856 -0.0797175 -0.746331 0.0412339 -0.808378 -0.19107 -0.0291227 0.0494458 -0.523073 -0.59859 -0.412292 -0.148129 -0.326403 -0.0717364 -0.0617457 -0.716572 -0.64614 -0.552003 -0.464243 -0.718974 -0.546307 -0.697417 -0.4673 -0.315026 -0.690141 0.0619155 -0.278446
1 1 1 3 3 3 2 2 2 1 1 3 3 1 1 1 2 2 2 1 1 2 2 2 4 3 4 2 3 3 1 2 1 2 2 1 1 3 1 3 4 2 1 3 2 1 2 2 1 1 1 3 2 1 4 1 1 1 1 1 2 2 3 5 1 2 2 2 3 1 2 1 4 1 4 1 2 1 2 1 1 4 3 2 2 2 2 1 3 2 4 2 1 5 3 3 1 1 1 3 3 3 5 2 2 1 3 1 2 5 1 2 4 3 2 4 2 1 2 1 2 2 1 4 5 2 3 1 2 3 1 5 1 4 2 1 1 1 1 1 2 2 4 2 1 4 1 3 1 2 5 2 5 1 2 2 2 1 2 1 1 3 5 2 3 2 1 2 2 3 2 4 4 1 2 1 2 1 1 1 2 1 4 3 2 1 2 1 1 3 3 2 2 3 3 2 1 2 1 3
1 1 1 3 3 3 2 2 2 1 1 3 3 1 1 1 2 2 2 1 1 2 2 2 4 3 4 2 3 3 1 2 1 2 2 1 1 3 1 3 4 2 1 3 2 1 2 2 1 1 1 3 2 1 4 1 1 1 1 1 2 2 3 5 1 2 2 2 3 1 2 1 4 1 4 1 2 1 2 1 1 4 3 2 2 2 2 1 3 2 4 2 1 5 3 3 1 1 1 3 3 3 5 2 2 1 3 1 2 5 1 2 4 3 2 4 2 1 2 1 2 2 1 4 5 2 3 1 2 3 1 5 1 4 2 1 1 1 1 1 2 2 4 2 1 4 1 3 1 2 5 2 5 1 2 2 2 1 2 1 1 3 5 2 3 2 1 2 2 3 2 4 4 1 2 1 2 1 1 1 2 1 4 3 2 1 2 1 1 3 3 2 2 3 3 2 1 2 1 3
0.504427 0.399978 0.619074 1.15932 0.891063 0.887388 0.970146 0.719324 0.722432 0.579022 0.326047 0.940066 1.00656 0.715559 0.612849 0.355464 0.764647 0.712784 0.563072 0.63595 0.454109 0.973166 0.748479 1.02412 1.24286 1.10576 1.13294 0.816265 1.05549 0.985983 0.567309 0.736965 0.578129 0.560556 1.18535 0.373879 0.544943 0.958442 0.783549 0.898889 1.26662 0.851138 0.569416 0.991873 0.793139 0.367142 0.723704 0.826427 0.638821 0.661982 0.602221 0.985359 0.822876 0.428361 1.53082 0.558002 0.529236 0.603169 0.329656 0.332849 0.78086 0.748216 1.02919 1.56631 0.68309 0.568807 0.977409 1.19699 1.19456 0.664523 1.09544 0.81207 1.28176 0.395873 1.49639 0.614429 0.772848 0.502097 0.756229 0.335395 0.603353 1.12582 0.936238 0.943179 0.826234 0.699028 0.818188 0.607391 1.22137 0.651071 1.21467 0.644234 0.698672 1.70957 0.996065 1.1661 0.538469 0.659593 0.723828 1.00986 1.14231 1.51836 1.30744 0.752523 0.880981 0.816473 0.993749 0.70898 0.708757 1.61226 0.36212 0.978883 1.51546 1.17691 1.09154 1.52301 0.677521 0.687418 0.702002 0.393582 1.43112 0.721731 0.637508 1.04703 1.68461 0.81085 1.18216 0.327085 0.735358 0.877418 0.553995 1.64394 0.367402 1.22002 0.783206 0.54881 0.505648 0.393288 0.498447 0.725857 0.803033 1.02245 1.23242 1.05309 0.562529 1.3538 0.723109 0.964332 0.533701 0.631301 1.91179 1.00294 1.50138 0.538669 0.776972 0.637209 0.788395 0.766502 0.879055 0.42225 0.469674 1.00253 1.29723 0.733739 0.893883 0.998102 0.659682 0.854722 0.660196 0.979572 1.53068 1.22191 1.15045 0.48241 0.784257 0.574709 1.02039 0.893143 0.65613 1.11709 0.81573 0.483283 1.59766 0.878713 0.978603 0.565335 0.734514 0.993283 0.697251 1.41582 0.873848 0.654132 0.684115 0.927553 0.918912 0.562183 0.605178 0.687525 0.506546 1.1171
2 2 2 2 2 2 2 2 2 2 2 2 2 2 2 2 2 2 2 2 2 2 2 2 2 2 2 2 2 2 2 2 2 2 2 2 2 2 2 2 2 2 2 2 2 2 2 2 2 2 2 2 2 2 2 2 2 2 2 2 2 2 2 2 2 2 2 2 2 2 2 2 2 2 2 2 2 2 2 2 2 2 2 2 2 2 2 2 2 2 2 2 2 2 2 2 2 2 2 2 2 2 2 2 2 2 2 2 2 2 2 2 2 2 2 2 2 2 2 2 2 2 2 2 2 2 2 2 2 2 2 2 2 2 2 2 2 2 2 2 2 2 2 2 2 2 2 2 2 2 2 2 2 2 2 2 2 2 2 2 2 2 2 2 2 2 2 2 2 2 2 2 2 2 2 2 2 2 2 2 2 2 2 2 2 2 2 2 2 2 2 2 2 2 2 2 2 2 2 2
-10 -10 -10 -10 -10 -10 -10 -10 -10 -10 -10 -10 -10 -10 -10 -10 -10 -10 -10 -10 -10 -10 -10 -10 -10 -10 -10 -10 -10 -10 -10 -10 -10 -10 -10 -10 -10 -10 -10 -10 -10 -10 -10 -10 -10 -10 -10 -10 -10 -10 -10 -10 -10 -10 -10 -10 -10 -10 -10 -10 -10 -10 -10 -10 -10 -10 -10 -10 -10 -10 -10 -10 -10 -10 -10 -10 -10 -10 -10 -10 -10 -10 -10 -10 -10 -10 -10 -10 -10 -10 -10 -10 -10 -10 -10 -10 -10 -10 -10 -10 -10 -10 -10 -10 -10 -10 -10 -10 -10 -10 -10 -10 -10 -10 -10 -10 -10 -10 -10 -10 -10 -10 -10 -10 -10 -10 -10 -10 -10 -10 -10 -10 -10 -10 -10 -10 -10 -10 -10 -10 -10 -10 -10 -10 -10 -10 -10 -10 -10 -10 -10 -10 -10 -10 -10 -10 -10 -10 -10 -10 -10 -10 -10 -10 -10 -10 -10 -10 -10 -10 -10 -10 -10 -10 -10 -10 -10 -10 -10 -10 -10 -10 -10 -10 -10 -10 -10 -10 -10 -10 -10 -10 -10 -10 -10 -10 -10 -10 -10 -10
0.0213513 0.0413703 0.0718225 0.052801 0.0383997 0.037278 0.0530613 0.0163211 0.060944 0.0309331 0.0134971 0.01533 0.00711756 0.0438965 0.0603657 0.0165747 0.0243463 0.00783344 0.0450873 0.0560307 0.0203314 0.00740576 0.0186255 0.0280264 0.0339207 0.0292766 0.0283945 0.0552886 0.0052568 0.0366506 0.0201564 0.0507885 0.0188972 0.0135259 0.0464449 0.0331178 0.0244212 0.00572994 0.062443 0.0186546 0.010962 0.013613 0.0136696 0.0163496 0.0092194 0.0218505 0.0128939 0.0174764 0.0744501 0.0740692 0.0165805 0.00828512 0.0448486 0.00738056 0.00534536 0.0194227 0.0269078 0.0381415 0.00654769 0.00945448 0.00786899 0.036825 0.0295406 0.00571852 0.0338719 0.0420675 0.00571291 0.0690851 0.00653323 0.0546369 0.00763752 0.0503634 0.0411531 0.0342981 0.00698558 0.0529733 0.0134777 0.0366655 0.0145035 0.0234041 0.06082 0.00977105 0.0265541 0.055483 0.0186345 0.00658146 0.0130148 0.0692609 0.00803149 0.01851 0.0137068 0.0156193 0.053437 0.021375 0.00909817 0.011815 0.0206612 0.0640047 0.0292889 0.00624706 0.0333809 0.00727982 0.016033 0.0397534 0.026652 0.0625047 0.00853517 0.0581811 0.0267293 0.0064538 0.0236624 0.00579013 0.00728943 0.010336 0.00974684 0.00890487 0.00515853 0.0118764 0.0132883 0.0112438 0.044429 0.0363234 0.063254 0.0519512 0.00456734 0.0431416 0.0090226 0.00769609 0.0113502 0.0154386 0.00613012 0.0318119 0.0333036 0.0558407 0.0490183 0.0152594 0.0174931 0.0130181 0.00838532 0.0601554 0.0545169 0.00845551 0.0112632 0.0681037 0.0297701 0.043868 0.0174078 0.0450939 0.0301599 0.00734732 0.00562082 0.00458996 0.0162858 0.0267387 0.0165349 0.00708428 0.0269357 0.0482737 0.0109065 0.0446216 0.0210835 0.00651442 0.021419 0.00638185 0.0160665 0.011486 0.0758704 0.00723615 0.0384873 0.0112147 0.0443894 0.00495941 0.0177667 0.0429813 0.00555155 0.0489182 0.0640539 0.0767644 0.0305936 0.050623 0.0201978 0.0174796 0.00991435 0.0122374 0.0112549 0.0125751 0.00735444 0.0496439 0.0512033 0.0242907 0.0265234 0.0157779 0.00617687 0.00875281 0.0270935 0.0231641 0.0605695 0.0267586 0.0360682 0.0236343
0.0213513 0.0413703 0.0718225 0.0683038 0.0437177 0.037278 0.0676533 0.0163211 0.060944 0.0309331 0.0134971 0.01533 0.00727123 0.0438965 0.0603657 0.0165747 0.0808117 0.0540125 0.0450873 0.0560307 0.0203314 0.0157584 0.0186255 0.0649465 0.0501249 0.0292766 0.0436181 0.0720324 0.0750586 0.0411154 0.0201564 0.0567103 0.0224688 0.0527866 0.0823754 0.0331178 0.0244212 0.00572994 0.062443 0.0390113 0.053781 0.0646255 0.0136696 0.0163496 0.0835345 0.0218505 0.0142218 0.0174764 0.0744501 0.0740692 0.0165805 0.00828512 0.0448486 0.00738056 0.0484518 0.0194227 0.0269078 0.0381415 0.00654769 0.00945448 0.00786899 0.077493 0.057235 0.0492375 0.0338719 0.056117 0.0170994 0.0690851 0.0173075 0.0546369 0.0189306 0.0503634 0.0411531 0.0342981 0.0705084 0.0529733 0.0789862 0.0366655 0.0145035 0.0234041 0.06082 0.0654729 0.0568413 0.055483 0.041363 0.0497654 0.0130148 0.0692609 0.0137165 0.0378888 0.0137068 0.0156193 0.053437 0.021375 0.00909817 0.012715 0.0206612 0.0640047 0.0293014 0.0129282 0.075153 0.0519293 0.0377058 0.0397534 0.0659172 0.0625047 0.0123935 0.0581811 0.0783501 0.0538226 0.0236624 0.0614928 0.0219439 0.041757 0.00974684 0.0152268 0.0370398 0.0118764 0.0149221 0.0112438 0.0564751 0.0363234 0.063254 0.0519512 0.019151 0.0431416 0.0140566 0.00769609 0.0113502 0.0420819 0.00613012 0.0670466 0.0333036 0.0558407 0.0490183 0.0152594 0.0174931 0.0130181 0.00838532 0.0601554 0.0719843 0.0728393 0.0408597 0.0681037 0.0297701 0.0676669 0.0174078 0.0450939 0.0301599 0.00734732 0.0167393 0.0484745 0.0180692 0.0467456 0.0623785 0.052201 0.0806652 0.0482737 0.0137871 0.0446216 0.0210835 0.0103349 0.021419 0.00638185 0.0160665 0.011486 0.0758704 0.00723615 0.0384873 0.0358977 0.0443894 0.0130614 0.0177667 0.0429813 0.0200746 0.0489182 0.0745238 0.0767644 0.0305936 0.050623 0.0642571 0.0174796 0.0690669 0.0122374 0.0112549 0.0358953 0.0196362 0.0496439 0.0512033 0.0485484 0.0265234 0.0157779 0.0259757 0.0569976 0.0529699 0.0231641 0.0605695 0.0535086 0.0360682 0.068718
3.04196 0.52344 2.16809 0.527638 3.36734 0.544617 0.526858 0.524224 3.18929 3.34631 0.546109 0.529226 0.618879 2.15329 0.625871 0.575604 2.73402 0.595274 0.536866 0.524122 0.571716 0.58544 2.15139 2.92896 3.16505 0.612215 2.93276 0.52711 0.612009 0.549964 2.22756 0.52904 0.583645 0.586038 0.619803 0.544029 0.613812 0.58199 0.618375 2.59358 0.609753 0.583862 0.583097 0.53489 2.45087 0.513349 3.62452 3.13932 0.622465 0.599589 0.626518 0.58535 0.626541 0.594528 0.61185 0.556036 0.562149 0.626728 0.565987 0.583853 0.610192 3.23099 0.559756 2.65597 0.594136 3.28535 0.597904 0.534114 2.62584 0.626312 0.609789 9.21996 0.524117 0.516331 0.614696 0.620722 0.584599 5.13104 0.596231 0.550738 0.620742 0.591357 2.85142 0.6236 2.63794 0.59795 0.576084 2.08964 0.609576 0.575417 2.98166 0.573013 0.59607 2.11656 0.612869 3.47476 0.609446 0.592682 3.14846 0.619837 0.554417 0.615967 0.579681 0.606395 0.56367 0.604299 0.61434 0.59946 2.80659 0.615763 0.563364 0.618314 0.610196 0.608658 2.0973 0.610334 0.600887 0.594391 0.602566 0.511815 0.514012 0.524326 0.618937 0.527903 0.533691 3.83203 0.507607 0.5793 0.605117 0.580778 0.598049 3.07099 0.522356 0.593446 2.17604 2.68946 6.36097 0.583234 0.593082 0.626634 0.527892 0.609626 0.609585 0.613114 0.557966 3.69786 2.1832 0.52541 2.94744 0.556886 0.616183 0.621805 2.54682 0.565457 0.578772 2.42801 2.82597 2.30031 6.06769 0.522009 3.94982 0.620946 0.558456 0.608149 0.56386 0.622243 0.625624 0.612759 0.545832 0.588435 2.1119 0.619484 2.88815 0.533967 8.06607 0.609771 0.583415 0.591968 3.24432 2.05623 0.572972 0.564126 2.47781 2.77909 0.58693 0.590571 4.31349 0.590188 0.609505 0.567361 2.84395 0.544931 0.608226 0.593555 2.87007 0.541137 0.62364 0.563403 0.547506 0.567995
0.577093 0.509697 0.386892 0.497695 0.61921 0.448673 0.499933 0.507514 0.596554 0.616892 0.44422 0.493139 0.205475 0.381807 0.173903 0.356077 0.526329 0.292888 0.471164 0.507811 0.368083 0.325462 0.381265 0.559671 0.593952 0.232576 0.560261 0.499217 0.232996 0.433061 0.406453 0.49367 0.33107 0.323336 0.200689 0.450343 0.22636 0.336198 0.207853 0.4989 0.241776 0.330246 0.332657 0.476839 0.467587 0.5385 0.647811 0.590554 0.190101 0.278515 0.170665 0.32549 0.170693 0.295349 0.233613 0.415294 0.397006 0.169825 0.385303 0.330108 0.240154 0.602523 0.404164 0.512348 0.296056 0.609251 0.284293 0.478911 0.505713 0.171645 0.241546 0.862658 0.50781 0.53003 0.222679 0.197842 0.32791 0.752224 0.290009 0.430717 0.197703 0.30596 0.547022 0.184968 0.508017 0.283779 0.354923 0.360165 0.242358 0.356728 0.567827 0.36413 0.28953 0.369361 0.229804 0.63145 0.243121 0.301877 0.591842 0.201337 0.419973 0.217559 0.343461 0.254389 0.392472 0.261965 0.22401 0.278948 0.53931 0.218399 0.39333 0.207898 0.239999 0.245839 0.362411 0.239594 0.273586 0.295198 0.267953 0.542896 0.536534 0.507221 0.20432 0.496936 0.48039 0.666615 0.554786 0.344433 0.258868 0.340019 0.283412 0.580978 0.512786 0.299362 0.389343 0.517383 0.800519 0.332189 0.300205 0.170249 0.496974 0.242177 0.242406 0.227841 0.409461 0.654198 0.391552 0.504121 0.562201 0.412819 0.21668 0.19279 0.489022 0.387154 0.346307 0.462357 0.542667 0.429453 0.79063 0.5138 0.677067 0.196529 0.408026 0.247825 0.391909 0.191039 0.175332 0.230307 0.445128 0.315531 0.369582 0.202955 0.553113 0.479483 0.842974 0.241897 0.331924 0.304251 0.604379 0.347613 0.364265 0.391328 0.47388 0.534514 0.320673 0.308646 0.705082 0.310091 0.241663 0.381369 0.545752 0.447748 0.247337 0.298667 0.550129 0.45884 0.184711 0.39327 0.440231 0.379439
6.18909 0.520931 0.622653 2.11413 0.540402 3.30845 0.625715 0.579096 0.525494 3.73752 0.574346 2.52055 0.613068 4.17581 2.15515 0.51513 0.613102 0.523153 3.37201 0.619818 0.544167 0.614895 0.575819 2.16436 0.530885 2.9612 3.69312 2.13567 0.584754 0.543618 0.58054 0.523618 2.192 2.99544 0.625548 0.517936 0.56591 2.63683 0.617146 0.547243 0.528294 0.60156 0.621899 0.579138 0.604063 0.567289 0.603937 2.61768 2.12701 2.10825 0.578122 0.594445 3.65642 0.518744 4.00498 2.34488 0.602926 0.544868 0.580132 0.541866 7.98275 0.604618 0.524044 4.01878 0.551863 0.532917 0.618774 2.16333 0.615207 0.522372 2.11495 0.621494 3.53719 0.545469 0.625696 0.522319 2.09583 4.61757 2.47326 0.543512 2.10498 0.554992 0.524812 0.52467 3.74365 0.527533 0.584952 0.607665 2.58141 0.546791 0.583758 0.580034 2.09797 2.68231 0.612307 0.60909 0.571569 2.29127 2.09997 0.621794 0.503751 2.09848 0.548532 3.37451 0.62123 0.625067 0.617171 3.1072 0.577627 0.526522 0.515499 0.582728 2.7096 3.92743 0.608613 0.611186 0.547625 0.586449 2.96747 0.586461 3.99136 0.550127 2.25207 0.528422 0.620322 3.76045 0.613085 0.563538 4.29378 3.54282 0.604168 2.3774 0.540041 0.52471 0.534476 0.583894 2.91374 0.512744 0.564437 0.548395 2.17497 0.580582 0.545201 2.44372 0.620676 2.16787 2.68087 3.75532 0.561416 2.40459 0.619657 0.620107 2.58927 3.07197 0.548672 0.551502 0.623292 0.59446 0.608893 0.518972 3.88568 0.615865 0.571196 4.34286 2.52825 0.609925 2.12391 7.55729 0.546493 0.550968 8.71674 0.585297 2.58524 0.549436 0.614005 0.52628 0.585022 8.69306 2.47513 0.61971 0.578446 0.576414 0.61348 0.586638 0.609438 2.38206 0.607216 0.622064 0.524062 4.45891 0.56407 0.579889 2.28581 4.20692 0.528154 2.53989 2.1211 0.524413 0.578983 2.1058
0.794907 0.516877 0.189247 0.368515 0.46091 0.612195 0.174399 0.34529 0.503874 0.657534 0.359896 0.483263 0.228958 0.694635 0.382742 0.533404 0.229127 0.51055 0.61962 0.201744 0.450139 0.221874 0.355507 0.385513 0.488368 0.564692 0.653746 0.375943 0.327668 0.451574 0.340887 0.50923 0.395543 0.569427 0.175722 0.525423 0.385716 0.50855 0.21295 0.44102 0.495817 0.271669 0.192679 0.345163 0.262802 0.381515 0.263094 0.503962 0.373125 0.368211 0.348313 0.295684 0.650151 0.523183 0.681282 0.440042 0.266859 0.447926 0.341808 0.456557 0.841335 0.260817 0.50801 0.68239 0.427475 0.482551 0.205958 0.385183 0.220639 0.512798 0.368633 0.194378 0.638058 0.446157 0.175044 0.512935 0.362139 0.724357 0.472476 0.451815 0.36566 0.418468 0.505808 0.506211 0.658582 0.49799 0.326765 0.249716 0.496619 0.442327 0.330579 0.342342 0.363377 0.516651 0.231964 0.244258 0.368541 0.426928 0.363451 0.192718 0.565805 0.363592 0.437252 0.62002 0.195618 0.177379 0.212597 0.587129 0.350133 0.500899 0.532364 0.334102 0.521857 0.674937 0.245994 0.23636 0.439891 0.321934 0.566752 0.321859 0.679909 0.432581 0.413073 0.495445 0.19935 0.660121 0.22901 0.392683 0.703715 0.638635 0.262441 0.447523 0.461915 0.506096 0.478038 0.330218 0.557607 0.540253 0.390398 0.43782 0.388996 0.340882 0.446975 0.464076 0.198048 0.38667 0.516567 0.659614 0.399273 0.456581 0.202192 0.200428 0.498025 0.580769 0.437008 0.428678 0.186374 0.294973 0.245006 0.522495 0.67162 0.2179 0.369706 0.707104 0.484939 0.241104 0.372046 0.832164 0.443199 0.430116 0.854599 0.325673 0.497194 0.43478 0.225445 0.501579 0.326812 0.8542 0.471481 0.202139 0.347583 0.353621 0.226409 0.321353 0.242933 0.449235 0.25126 0.191847 0.507941 0.714284 0.391276 0.342802 0.425246 0.696758 0.496216 0.487131 0.371242 0.506941 0.345914 0.365602
0.2
