0.2344 -0.222 -0.2708 0.2368 -0.226 0.2612 -0.276 -0.1972 -0.2176 0.3164 -0.2152 0.3012 -0.2268 0.2584 0.292 -0.2012 -0.2656 -0.196 0.28 -0.2252 -0.2572 -0.258 -0.2744 0.3304 -0.2148 0.3004 0.2628 0.324 -0.2624 -0.198 -0.2436 -0.204
0.0908 -0.0684 -0.0756 0.22 -0.0108 0.0676 -0.0572 -0.1012 -0.0456 0.1336 -0.098 0.1348 -0.0552 0.1068 0.124 0.0052 -0.048 -0.0232 0.0644 -0.0608 0.0452 -0.0712 -0.0004 0.0996 0.002 0.054 0.0976 0.1228 -0.0852 -0.068 -0.03 -0.0296
-0.80892 -0.571904 -0.0755869 -0.838725 -0.465739 -0.604904 0.016132 -0.961227 -0.58713 -0.300882 -0.716261 -0.38379 -0.496686 -0.632966 -0.430834 -0.76291 -0.0783485 -0.842248 -0.483338 -0.523073 -0.161932 -0.197592 0.0507842 -0.213231 -0.592057 -0.361587 -0.600859 -0.255925 -0.18418 -0.869162 -0.28739 -0.737145
1 1 1 2 1 3 1 1 3 1 1 1 2 1 1 1 2 1 1 1 1 3 1 1 2 1 2 2 3 1 1 2
1 1 1 2 1 3 1 1 3 1 1 1 2 1 1 1 2 1 1 1 1 3 1 1 2 1 2 2 3 1 1 2
0.475419 0.380764 0.695227 0.682482 0.543433 0.876532 0.56104 0.326483 0.871053 0.608178 0.325348 0.568395 0.642679 0.697173 0.551579 0.380493 0.756055 0.374053 0.543442 0.483283 0.454074 1.00008 0.65982 0.697641 0.587638 0.553769 0.805431 0.816265 1.0005 0.345368 0.549941 0.669654
2 2 2 2 2 2 2 2 2 2 2 2 2 2 2 2 2 2 2 2 2 2 2 2 2 2 2 2 2 2 2 2
-10 -10 -10 -10 -10 -10 -10 -10 -10 -10 -10 -10 -10 -10 -10 -10 -10 -10 -10 -10 -10 -10 -10 -10 -10 -10 -10 -10 -10 -10 -10 -10
0.0281428 0.0169301 0.0519122 0.0103096 0.0277881 0.0283007 0.0249749 0.00934067 0.0296327 0.060535 0.0104081 0.0177762 0.0184118 0.0262922 0.0213183 0.0177314 0.00731626 0.033675 0.04093 0.0174796 0.0252605 0.0080414 0.0697373 0.0317353 0.0450275 0.0143313 0.0291881 0.0552886 0.00732566 0.0272955 0.0186861 0.032552
0.0281428 0.0169301 0.0519122 0.0197836 0.0425549 0.0421219 0.0249749 0.00934067 0.0298794 0.060535 0.0104081 0.0260124 0.0184118 0.0262922 0.0213183 0.0177314 0.018687 0.033675 0.04093 0.0174796 0.0252605 0.0080414 0.0697373 0.0317353 0.0601131 0.0478389 0.0291881 0.0720324 0.0125653 0.0272955 0.0186861 0.0470687
4.4449 0.512005 2.46408 0.603353 2.59897 0.561582 0.565118 0.580739 2.95905 0.625212 0.551894 0.583784 0.563742 2.2126 0.557601 0.574854 5.71995 0.542016 0.545744 0.564126 0.564082 0.61462 2.19115 3.28918 3.4741 0.585009 3.1576 0.52711 0.618154 0.538857 2.40553 0.55524
0.713573 0.542345 0.471536 0.265123 0.499611 0.398724 0.388103 0.339947 0.564346 0.177279 0.427269 0.330614 0.392247 0.400848 0.41066 0.358419 0.778258 0.456191 0.445428 0.391328 0.391205 0.22293 0.396663 0.609963 0.631193 0.326644 0.593007 0.499217 0.208491 0.465325 0.455271 0.417543
4.23569 0.576198 0.623035 2.48425 0.549285 3.55639 0.620816 0.553042 0.559498 2.13717 0.578921 2.23272 0.575499 3.01179 2.36702 0.512222 0.609399 0.518895 3.09569 0.576414 0.543736 0.612486 0.59098 2.19805 0.529126 2.84179 3.031 2.13567 0.619902 0.542993 0.579873 0.533108
0.699192 0.354262 0.187466 0.476158 0.435117 0.640056 0.19744 0.423886 0.404935 0.376721 0.345663 0.407928 0.356472 0.572492 0.44579 0.541728 0.24315 0.522683 0.584245 0.353621 0.451391 0.231246 0.307501 0.396302 0.493454 0.544863 0.575249 0.375943 0.20107 0.453334 0.342956 0.481969
0.2
