0.2308 -0.206 -0.2728 0.2668 -0.21 0.2388 -0.274 -0.2256 -0.2148 0.3212 -0.2152 0.2216 -0.258 0.2572 0.3172 -0.1904 -0.2736 -0.21 0.278 -0.2764 -0.2604 -0.2628 -0.2108 0.3268 -0.214 0.2516 0.2592 0.324 -0.274 -0.208 -0.248 -0.2136 0.2944 0.296 -0.2656 -0.1968 -0.2184 0.2704 -0.206 -0.2184 -0.2064 -0.2732 -0.2756 -0.2324 -0.2744 -0.2244 -0.232 0.2476 0.2236 0.2736 -0.2096 -0.274 0.2052 -0.2092 0.268 0.2976 -0.2624 -0.2116 -0.2048 -0.1928 0.2648 -0.264 -0.2104 0.2556 -0.2056 -0.2444 -0.2652 0.2692 -0.2624 -0.2044 0.276 -0.2752 0.2616 -0.2052 -0.272 -0.2084 0.2388 0.242 0.3084 -0.1968 0.3124 -0.2332 -0.2104 -0.2068 0.266 -0.24 -0.234 -0.276 0.27 -0.2084 -0.2392 -0.228 0.3196 0.2724 -0.258 -0.2668 -0.2276 0.2872 0.326 -0.2616
0.108 0.0024 -0.0696 0.2108 -0.04 0.0088 -0.0688 -0.0612 0.0028 0.0144 -0.0964 0.21 -0.0732 0.1016 0.1304 -0.0336 0.0184 0.0036 0.058 -0.0524 0.0456 -0.0744 -0.0372 0.112 -0.0452 0.068 0.0644 0.1228 0.0072 -0.0392 -0.0248 0.0096 0.1548 0.0436 -0.0784 -0.0168 -0.056 0.1312 -0.0468 -0.0224 -0.0212 0.0236 -0.0612 -0.0652 0.002 -0.0696 -0.0544 0.1272 0.2196 0.2136 -0.1632 0.0068 0.1588 0.0208 0.0968 0.1228 0.0412 -0.046 -0.1096 -0.0936 0.034 -0.0464 -0.0428 0.0652 -0.0424 0.0144 -0.0708 0.13 -0.0544 -0.012 0.2132 -0.058 0.0696 -0.0596 -0.0632 0.0012 0.186 0.0372 0.0952 -0.074 0.1472 -0.0532 0.0008 -0.0064 0.13 0.0376 -0.0592 -0.0268 0.1248 -0.0448 -0.0368 -0.0564 0.1176 0.104 -0.0696 -0.0552 -0.06 0.1188 0.1216 -0.0936
-0.841612 -0.699826 -0.0417078 -0.62835 -0.67107 -0.767477 -0.0275027 -0.519317 -0.592108 -0.243003 -0.712043 -0.955622 -0.201742 -0.639718 -0.295131 -0.935684 0.0367618 -0.649931 -0.494425 0.0286328 -0.129198 -0.155161 -0.658415 -0.236716 -0.628778 -0.672291 -0.618033 -0.255925 0.04564 -0.694965 -0.237151 -0.607472 -0.431703 -0.384842 -0.135413 -0.827304 -0.592075 -0.563138 -0.728913 -0.556735 -0.700633 0.0290008 0.00452185 -0.452339 0.0507227 -0.547374 -0.439036 -0.714722 -0.944285 -0.58853 -1.03963 0.0457295 -1.10296 -0.665363 -0.566631 -0.398544 -0.102665 -0.658481 -0.879709 -1.00751 -0.576128 -0.0927848 -0.669268 -0.643248 -0.728779 -0.269139 -0.122864 -0.570218 -0.121454 -0.72222 -0.573827 0.00622828 -0.602553 -0.757419 -0.0371124 -0.669549 -0.803434 -0.742252 -0.328173 -0.898293 -0.328953 -0.424396 -0.644868 -0.690141 -0.590611 -0.33255 -0.425067 0.0565504 -0.563152 -0.696255 -0.340178 -0.485366 -0.276723 -0.540802 -0.19435 -0.0770215 -0.495406 -0.456506 -0.244985 -0.213752
1 1 1 2 3 2 2 1 2 1 1 2 3 1 1 1 2 2 1 1 1 3 2 2 4 3 4 2 2 3 1 2 1 2 5 1 1 3 1 1 4 2 1 1 1 1 3 1 1 1 1 3 2 1 3 1 1 2 1 1 3 2 3 2 2 2 2 4 3 1 3 2 3 1 2 1 3 1 1 1 1 4 3 2 2 2 3 1 4 2 1 2 1 2 3 2 1 1 1 3
1 1 1 2 3 2 2 1 2 1 1 2 3 1 1 1 2 2 1 1 1 3 2 2 4 3 4 2 2 3 1 2 1 2 5 1 1 3 1 1 4 2 1 1 1 1 3 1 1 1 1 3 2 1 3 1 1 2 1 1 3 2 3 2 2 2 2 4 3 1 3 2 3 1 2 1 3 1 1 1 1 4 3 2 2 2 3 1 4 2 1 2 1 2 3 2 1 1 1 3
0.46977 0.42225 0.619074 0.677702 0.885766 0.847968 0.89781 0.480236 0.591122 0.619477 0.325944 0.692472 1.00318 0.705751 0.609734 0.354597 0.708757 0.715096 0.545815 0.572074 0.46474 0.993749 0.758389 1.02412 1.21756 1.17691 1.13294 0.816265 1.02576 0.985983 0.566069 0.744094 0.577798 0.557071 1.68461 0.374203 0.544943 0.891663 0.603169 0.542168 1.25636 0.809285 0.569416 0.687418 0.693059 0.383083 0.872641 0.500172 0.700221 0.675076 0.716749 1.0377 0.73858 0.396881 0.908719 0.552188 0.478102 0.676358 0.324173 0.33297 0.919059 0.751855 0.975803 0.807119 0.6773 0.637688 0.975492 1.15045 1.17665 0.670025 1.2961 0.777182 0.874555 0.388166 1.00294 0.614429 0.958442 0.498481 0.561854 0.335395 0.603579 1.21563 0.936238 0.687525 0.826258 0.751479 0.992931 0.607391 1.22646 0.649764 0.543762 0.642428 0.64233 0.753924 1.00277 0.778495 0.590023 0.557473 0.714693 1.00863
2 2 2 2 2 2 2 2 2 2 2 2 2 2 2 2 2 2 2 2 2 2 2 2 2 2 2 2 2 2 2 2 2 2 2 2 2 2 2 2 2 2 2 2 2 2 2 2 2 2 2 2 2 2 2 2 2 2 2 2 2 2 2 2 2 2 2 2 2 2 2 2 2 2 2 2 2 2 2 2 2 2 2 2 2 2 2 2 2 2 2 2 2 2 2 2 2 2 2 2
-10 -10 -10 -10 -10 -10 -10 -10 -10 -10 -10 -10 -10 -10 -10 -10 -10 -10 -10 -10 -10 -10 -10 -10 -10 -10 -10 -10 -10 -10 -10 -10 -10 -10 -10 -10 -10 -10 -10 -10 -10 -10 -10 -10 -10 -10 -10 -10 -10 -10 -10 -10 -10 -10 -10 -10 -10 -10 -10 -10 -10 -10 -10 -10 -10 -10 -10 -10 -10 -10 -10 -10 -10 -10 -10 -10 -10 -10 -10 -10 -10 -10 -10 -10 -10 -10 -10 -10 -10 -10 -10 -10 -10 -10 -10 -10 -10 -10 -10 -10
0.0219502 0.0446216 0.0718225 0.00494855 0.0279337 0.0124398 0.0378867 0.0170718 0.0464987 0.0311686 0.0109538 0.0136843 0.00706429 0.0284201 0.0605291 0.0177979 0.0267293 0.00794806 0.0433111 0.041067 0.0134 0.00853517 0.0402479 0.0280264 0.0268219 0.010336 0.0283945 0.0552886 0.00753439 0.0366506 0.0195928 0.0520606 0.0193259 0.0153522 0.00456734 0.0321173 0.0244212 0.0174217 0.0381415 0.042146 0.0106753 0.0198513 0.0136696 0.0118764 0.0723384 0.0149971 0.0153954 0.0198237 0.0662615 0.074715 0.0398144 0.00883297 0.00644956 0.0128867 0.0286883 0.0238293 0.0394913 0.0348435 0.007878 0.0091685 0.00798917 0.0091488 0.0161071 0.0311207 0.00674865 0.0069961 0.00612762 0.0177667 0.0108469 0.0508542 0.0621957 0.0296164 0.0273496 0.0318382 0.00458996 0.0529733 0.00572994 0.0293283 0.0131718 0.0234041 0.060708 0.0122475 0.0265541 0.0267586 0.0179136 0.0141607 0.0128148 0.0692609 0.0172554 0.0273751 0.0178378 0.0171752 0.0594812 0.0254642 0.00821629 0.00565247 0.0161881 0.0212158 0.0295572 0.00664911
0.0219502 0.0446216 0.0718225 0.0286793 0.0393147 0.0126793 0.0665908 0.0170718 0.0603242 0.0311686 0.0109538 0.0136843 0.00784266 0.0284201 0.0605291 0.0177979 0.0783501 0.0547065 0.0443841 0.041067 0.0134 0.0123935 0.0402479 0.0649465 0.033247 0.041757 0.0436181 0.0720324 0.0762634 0.0411154 0.0195928 0.0573196 0.0221603 0.0527761 0.019151 0.0321173 0.0244212 0.0174217 0.0381415 0.042146 0.050816 0.0640364 0.0136696 0.0118764 0.0723384 0.0149971 0.0153954 0.0198237 0.0662615 0.074715 0.0398144 0.0757454 0.00644956 0.0128867 0.0286883 0.0238293 0.0394913 0.0348435 0.007878 0.0091685 0.0545108 0.0167533 0.0374897 0.043243 0.040621 0.051288 0.0167348 0.0177667 0.013513 0.0508542 0.0688614 0.079876 0.0412017 0.0318382 0.0484745 0.0529733 0.00572994 0.0293283 0.0357896 0.0234041 0.060708 0.0151132 0.0568413 0.0535086 0.0179136 0.0604476 0.0128148 0.0692609 0.0191424 0.0378456 0.0178378 0.0171752 0.0594812 0.0254642 0.00821629 0.0201467 0.0161881 0.0212158 0.0295572 0.0126399
3.94924 0.522009 2.16809 0.60962 2.89659 0.607991 0.548105 0.561495 3.55149 3.30826 0.550011 0.601126 0.619141 2.165 0.62566 0.573451 2.80659 0.595034 0.545909 0.539719 0.583255 0.61434 2.19903 2.92896 2.86752 0.608658 2.93276 0.52711 0.614176 0.549964 2.22957 0.527472 0.583048 0.582619 0.533691 0.5469 0.613812 0.560236 0.626728 3.15198 0.609957 0.5735 0.583097 0.594391 2.37465 0.511661 2.93904 6.21323 0.586448 0.599184 0.542269 0.609417 0.608476 0.583529 0.531312 0.568747 0.540586 0.530579 0.576417 0.584116 0.595199 5.46145 0.579541 3.09713 0.597494 2.4313 0.597595 2.88815 2.84403 0.620566 0.52968 2.92582 0.562883 0.515523 0.621805 0.620722 0.58199 3.57414 0.589371 0.550738 0.621669 0.609164 2.85142 0.563403 3.06146 0.582844 0.537003 2.08964 0.577664 0.562383 2.76555 0.569592 0.618248 0.607238 0.612059 7.44013 0.626662 0.546832 3.16479 0.62027
0.677009 0.5138 0.386892 0.242079 0.554464 0.248344 0.438498 0.399197 0.639467 0.612313 0.432799 0.27303 0.204358 0.385656 0.17507 0.362718 0.53931 0.293696 0.444943 0.462874 0.332143 0.22401 0.396697 0.559671 0.549713 0.245839 0.560261 0.499217 0.224735 0.433061 0.407041 0.49817 0.332969 0.33425 0.48039 0.441979 0.22636 0.402738 0.169825 0.591976 0.241008 0.362646 0.332657 0.295198 0.44951 0.543326 0.561223 0.795738 0.322232 0.279915 0.455482 0.24297 0.246609 0.331254 0.487144 0.377266 0.460357 0.489245 0.35342 0.329264 0.293148 0.767686 0.343901 0.584707 0.285342 0.463175 0.285349 0.553113 0.545918 0.197376 0.491905 0.559116 0.394832 0.532329 0.19279 0.197842 0.336198 0.64212 0.312579 0.430717 0.193632 0.243976 0.547022 0.39327 0.579684 0.333482 0.470741 0.360165 0.349766 0.396319 0.531569 0.37458 0.207199 0.251303 0.232937 0.829731 0.170254 0.442294 0.594035 0.199462
3.97551 0.518972 0.622653 2.19499 0.546715 8.15032 0.623203 0.577066 0.52868 2.95276 0.578448 2.83785 0.613163 3.1099 2.14521 0.515407 0.577627 0.522877 3.23516 0.61936 0.546285 0.617171 0.54625 2.16436 0.554728 3.92743 3.69312 2.13567 0.585653 0.543618 0.581253 0.52365 2.19315 3.04374 0.620322 0.516971 0.56591 2.55963 0.544868 0.547399 0.531799 0.573592 0.621899 0.586449 0.589435 0.57954 0.58089 3.00799 2.72881 2.13773 0.573647 0.585919 4.49161 0.513481 2.93038 2.32341 0.551154 0.552031 0.567376 0.543064 4.18088 0.607374 0.548745 3.81854 0.542033 0.552559 0.617782 2.58524 0.609571 0.524393 2.12281 0.620545 3.50477 0.550098 0.620107 0.522319 2.63683 5.71489 2.39345 0.543512 2.10902 0.581587 0.524812 0.524413 2.63096 0.533328 0.585376 0.607665 2.61625 0.547125 0.579213 0.57746 2.18492 2.77053 0.611927 0.613374 0.578767 2.44851 2.12893 0.621275
0.679187 0.522495 0.189247 0.39769 0.442561 0.844442 0.186789 0.351595 0.494734 0.562557 0.347149 0.545891 0.228599 0.586572 0.379427 0.532617 0.350133 0.511343 0.602891 0.203702 0.44398 0.212597 0.443921 0.385513 0.419058 0.674937 0.653746 0.375943 0.324793 0.451574 0.338639 0.509143 0.395922 0.576603 0.19935 0.528177 0.385716 0.491741 0.447926 0.4406 0.485745 0.362606 0.192679 0.321934 0.312562 0.343843 0.339665 0.572122 0.526685 0.378763 0.361744 0.323938 0.716941 0.53816 0.559873 0.434043 0.429754 0.426994 0.381114 0.453075 0.694877 0.250661 0.436627 0.665422 0.456169 0.425575 0.210118 0.497194 0.242461 0.506991 0.373558 0.198599 0.6346 0.432633 0.200428 0.512935 0.50855 0.777748 0.452146 0.451815 0.367065 0.337476 0.505808 0.506941 0.506645 0.481438 0.325408 0.249716 0.503578 0.441355 0.344997 0.35039 0.392445 0.532959 0.23341 0.227928 0.3463 0.4662 0.37355 0.195046
0.2
