0.2344 -0.1988 -0.2732 0.2368 -0.2188 0.2612 -0.2616 -0.1968 -0.2444 0.3164 -0.2168 0.3012 -0.2716 0.2584 0.292 -0.2036 -0.2392 -0.196 0.28 -0.276 -0.2156 -0.2648 -0.248 0.3304 -0.214 0.3004 0.2628
0.0908 -0.0712 -0.056 0.22 -0.0224 0.0676 -0.0716 -0.1004 0.014 0.1336 -0.0868 0.1348 0.0328 0.1068 0.124 0.01 -0.0368 -0.0232 0.0644 -0.0572 -0.05 -0.0492 -0.0244 0.0996 0.0004 0.054 0.0976
-0.80892 -0.864008 -0.011341 -0.838725 -0.552131 -0.604904 -0.161513 -0.964837 -0.268977 -0.300882 -0.669565 -0.38379 0.00374235 -0.632966 -0.430834 -0.73205 -0.340178 -0.842248 -0.483338 0.016132 -0.616033 -0.0884552 -0.236868 -0.213231 -0.601483 -0.361587 -0.600859
1 1 1 2 1 3 3 1 2 1 1 1 1 1 1 1 1 1 1 1 2 2 1 1 2 1 2
1 1 1 2 1 3 3 1 2 1 1 1 1 1 1 1 1 1 1 1 2 2 1 1 2 1 2
0.475419 0.342764 0.668402 0.682482 0.541174 0.876532 0.993321 0.32731 0.63593 0.608178 0.333589 0.568395 0.482365 0.697173 0.551579 0.383898 0.543762 0.374053 0.543442 0.56104 0.642083 0.770034 0.568635 0.697641 0.589664 0.553769 0.805431
2 2 2 2 2 2 2 2 2 2 2 2 2 2 2 2 2 2 2 2 2 2 2 2 2 2 2
-10 -10 -10 -10 -10 -10 -10 -10 -10 -10 -10 -10 -10 -10 -10 -10 -10 -10 -10 -10 -10 -10 -10 -10 -10 -10 -10
0.0281428 0.0260065 0.0541804 0.0103096 0.0417472 0.0283007 0.0087256 0.00947583 0.00715704 0.060535 0.0135704 0.0177762 0.0268239 0.0262922 0.0213183 0.0177601 0.0178378 0.033675 0.04093 0.0249749 0.0293807 0.00819858 0.0197789 0.0317353 0.0467514 0.0143313 0.0291881
0.0281428 0.0260065 0.0541804 0.0197836 0.0417472 0.0421219 0.0108719 0.00947583 0.0508081 0.060535 0.0135704 0.0260124 0.0268239 0.0262922 0.0213183 0.0177601 0.0178378 0.033675 0.04093 0.0249749 0.0294812 0.0172564 0.0197789 0.0317353 0.0594988 0.0478389 0.0291881
4.4449 0.540298 2.28545 0.603353 3.13361 0.561582 0.617134 0.58079 2.42116 0.625212 0.535294 0.583784 0.561985 2.2126 0.557601 0.574909 2.76555 0.542016 0.545744 0.565118 0.559456 6.96096 2.22888 3.28918 3.55399 0.585009 3.1576
0.713573 0.461151 0.425252 0.265123 0.58948 0.398724 0.212743 0.33979 0.460679 0.177279 0.475589 0.330614 0.397492 0.400848 0.41066 0.358252 0.531569 0.456191 0.445428 0.388103 0.405048 0.817974 0.406837 0.609963 0.639724 0.326644 0.593007
4.23569 0.545626 0.618428 2.48425 0.547879 3.55639 0.61539 0.552144 0.552825 2.13717 0.577306 2.23272 0.565522 3.01179 2.36702 0.512687 0.579213 0.518895 3.09569 0.620816 0.559313 0.609281 0.581016 2.19805 0.529117 2.84179 3.031
0.699192 0.445668 0.207576 0.476158 0.439202 0.640056 0.219829 0.426531 0.424795 0.376721 0.350748 0.407928 0.387135 0.572492 0.44579 0.540408 0.344997 0.522683 0.584245 0.19744 0.405473 0.243583 0.339388 0.396302 0.493476 0.544863 0.575249
0.2
