0.2344 -0.222 -0.2728 0.322 -0.22 0.2804 -0.2108 -0.2252 -0.21 0.3164 -0.2148 0.212 -0.2588 0.2584 0.2988 -0.1904 -0.2672 -0.2072 0.2784 -0.2764 -0.2576 -0.2732 -0.2748 0.33 -0.2148 0.2716 0.2624 0.324 -0.262 -0.1984 -0.2444 -0.21 0.302 0.3 -0.2752 -0.1972 -0.2168 0.2872 -0.2652 -0.244 -0.2092 -0.198 -0.2768 -0.2284 -0.2664
0.0908 -0.0684 -0.0688 0.1228 -0.0248 -0.02 -0.0496 -0.0608 -0.04 0.1336 -0.0972 0.1936 -0.0704 0.1068 0.12 -0.0344 -0.0224 -0.0056 0.058 -0.0524 0.0444 -0.0076 -0.0012 0.1024 0.0024 0.1228 0.0964 0.1228 -0.0912 -0.068 -0.0308 0.022 0.1344 0.0516 -0.058 -0.0188 -0.0552 0.12 -0.0512 0.0144 -0.0448 -0.102 -0.0516 -0.0564 -0.0416
-0.80892 -0.571904 -0.0400242 -0.266378 -0.53991 -0.47497 -0.67278 -0.523073 -0.67107 -0.300882 -0.718872 -1.03766 -0.187759 -0.632966 -0.390637 -0.936432 -0.0340475 -0.684968 -0.49195 0.0286328 -0.156725 0.0369271 0.0550865 -0.216349 -0.59208 -0.55234 -0.603195 -0.255925 -0.203394 -0.863492 -0.27967 -0.6562 -0.379177 -0.363398 0.00622828 -0.822548 -0.609361 -0.456982 -0.0872991 -0.273354 -0.686341 -0.951734 0.0342064 -0.481004 -0.0612905
1 1 1 1 1 2 2 1 3 1 1 2 3 1 1 1 2 2 1 1 1 2 1 1 2 3 2 2 3 1 1 1 1 1 2 1 1 1 2 2 2 1 1 2 2
1 1 1 1 1 2 2 1 3 1 1 2 3 1 1 1 2 2 1 1 1 2 1 1 2 3 2 2 3 1 1 1 1 1 2 1 1 1 2 2 2 1 1 2 2
0.475419 0.380764 0.607966 0.743936 0.541546 0.904078 0.675326 0.483283 0.885766 0.608178 0.324907 0.711041 0.996704 0.697173 0.550168 0.355119 0.697964 0.694818 0.544491 0.572074 0.457117 0.972362 0.668282 0.700401 0.589512 0.887619 0.804287 0.816265 1.00357 0.346811 0.55221 0.399433 0.570663 0.55603 0.777182 0.37971 0.563775 0.557974 0.782191 0.635967 0.657029 0.325841 0.563297 0.642643 0.726552
2 2 2 2 2 2 2 2 2 2 2 2 2 2 2 2 2 2 2 2 2 2 2 2 2 2 2 2 2 2 2 2 2 2 2 2 2 2 2 2 2 2 2 2 2
-10 -10 -10 -10 -10 -10 -10 -10 -10 -10 -10 -10 -10 -10 -10 -10 -10 -10 -10 -10 -10 -10 -10 -10 -10 -10 -10 -10 -10 -10 -10 -10 -10 -10 -10 -10 -10 -10 -10 -10 -10 -10 -10 -10 -10
0.0281428 0.0169301 0.0696027 0.0773125 0.0390295 0.0122602 0.00488585 0.0174796 0.0279337 0.060535 0.0108304 0.0111237 0.00858982 0.0262922 0.0248237 0.0181767 0.00457323 0.035683 0.042735 0.041067 0.0306494 0.0081812 0.0715457 0.0304772 0.0457369 0.0122058 0.0297217 0.0552886 0.00666749 0.0275017 0.0180463 0.0125952 0.0165774 0.0138981 0.0296164 0.0351881 0.0260636 0.0209501 0.00768426 0.00711807 0.0372164 0.00941943 0.0134189 0.0169159 0.00646277
0.0281428 0.0169301 0.0696027 0.0773125 0.0390295 0.0122602 0.0336061 0.0174796 0.0393147 0.060535 0.0108304 0.0111237 0.00858982 0.0262922 0.0248237 0.0181767 0.0292261 0.0539286 0.0443357 0.041067 0.0306494 0.0565554 0.0715457 0.0304772 0.0602245 0.0196226 0.0297217 0.0720324 0.0129102 0.0275017 0.0180463 0.0125952 0.026786 0.0490707 0.079876 0.0351881 0.0260636 0.0209501 0.0175322 0.0514989 0.0373019 0.00941943 0.0134189 0.0169159 0.0213156
4.4449 0.512005 2.1814 0.600614 3.17617 0.608383 0.60142 0.564126 2.89659 0.625212 0.551468 0.602843 0.615949 2.2126 0.57033 0.57273 3.22191 0.550941 0.546557 0.539719 0.555615 0.613705 2.19346 3.21822 3.51136 0.586723 3.12148 0.52711 0.618403 0.537415 2.37866 0.584077 0.585696 0.585698 2.92582 0.539194 0.621842 0.547128 8.05561 2.42468 0.548333 0.579956 0.583539 0.563904 4.04279
0.713573 0.542345 0.391225 0.273869 0.595192 0.246893 0.271713 0.391328 0.554464 0.177279 0.428523 0.267004 0.217596 0.400848 0.372453 0.364934 0.602305 0.430192 0.443056 0.462874 0.416413 0.226587 0.397412 0.60104 0.635225 0.321079 0.588101 0.499217 0.207445 0.469497 0.448454 0.329506 0.324502 0.324433 0.559116 0.464373 0.192928 0.441432 0.842773 0.461544 0.437828 0.342406 0.33125 0.391758 0.684988
4.23569 0.576198 0.622416 2.14751 0.550714 4.97119 0.552855 0.576414 0.546715 2.13717 0.578176 3.32189 0.612837 3.01179 2.32885 0.515756 0.597835 0.524471 3.22534 0.61936 0.544638 0.59442 0.591847 2.18752 0.528902 2.61019 3.056 2.13567 0.621034 0.543634 0.581147 0.513706 2.22872 2.87493 0.620545 0.518451 0.563507 2.44042 0.610468 0.552163 0.548204 0.554628 0.619341 0.577909 0.607124
0.699192 0.354262 0.190311 0.380039 0.430904 0.743892 0.424563 0.353621 0.442561 0.376721 0.347996 0.614735 0.229892 0.572492 0.435486 0.531623 0.284481 0.506774 0.601631 0.203702 0.448767 0.29608 0.304645 0.392958 0.494094 0.502303 0.578883 0.375943 0.196127 0.451473 0.33895 0.537521 0.406692 0.550406 0.198599 0.523955 0.392941 0.46426 0.23911 0.426738 0.438204 0.419209 0.203788 0.34899 0.251609
0.2
