# r0x r0y r0z v0x v0y v0z t0_days Cj DE DV Emax h_perigeo h_min_periluneo
-7.032300188658917323e+05 5.637583005214068107e+05 0.000000000000000000e+00 8.180822577691359010e-01 -1.128380443504791053e+00 0.000000000000000000e+00 -7.108498991592781385e+05 6.900000000000000577e-01 1.086341190863215456e+00 2.010611212224665323e+00 5.422896849297786925e-01 3.682471456611601752e+02 2.630069688571573352e+03
9.162783595215496607e+05 -9.938844271388062043e+04 0.000000000000000000e+00 -1.015273968862579590e+00 3.222512187489408042e-01 0.000000000000000000e+00 -4.115446784606347210e+05 7.399999999999999911e-01 7.027325408825256803e-01 2.138917270788171621e+00 1.265610151277334616e-01 7.901173432538671477e+02 4.195925772461150700e+03
8.113489559760496486e+05 -3.087898898488882696e+05 0.000000000000000000e+00 -1.287827071418122582e+00 1.135785242875009926e+00 0.000000000000000000e+00 -2.618920681113130122e+05 7.399999999999999911e-01 1.591796576177548550e+00 1.727647777309874400e+00 1.017887486862282032e+00 6.263214793180814013e+02 2.466472687082443372e+03
9.150197567896654364e+05 -1.000957160871429951e+05 0.000000000000000000e+00 -1.011944902928465728e+00 3.238693024608640947e-01 0.000000000000000000e+00 -4.115446784606347210e+05 7.500000000000000000e-01 7.027535613645183865e-01 2.015278244416889741e+00 1.232081370107328544e-01 6.553768858664643631e+02 4.149123768216770259e+03
8.104459009772504214e+05 -3.087792319073409308e+05 0.000000000000000000e+00 -1.284226641672094216e+00 1.135681490363883439e+00 0.000000000000000000e+00 -2.618920681113130122e+05 7.500000000000000000e-01 1.588362739963136372e+00 1.723513508471458344e+00 1.012723105241058796e+00 3.775265705096571764e+02 2.325860829971270960e+03
9.137583167031484190e+05 -1.008043683191046002e+05 0.000000000000000000e+00 -1.008607727281007005e+00 3.254899796887593677e-01 0.000000000000000000e+00 -4.115446784606347210e+05 7.600000000000000089e-01 7.027743234523469162e-01 1.907603345913192250e+00 1.198594524292845576e-01 5.216162130570583031e+02 4.105478304374281834e+03
9.124940208479715511e+05 -1.015144076683560270e+05 0.000000000000000000e+00 -1.005262387991806561e+00 3.271132628104127527e-01 0.000000000000000000e+00 -4.115446784606347210e+05 7.700000000000000178e-01 7.027948000914442384e-01 1.813467081414587234e+00 1.165149890355873658e-01 3.888421991861359857e+02 4.065094418076492730e+03
9.112268506129634334e+05 -1.022258424777905457e+05 0.000000000000000000e+00 -1.001908830552910024e+00 3.287391643056753465e-01 0.000000000000000000e+00 -4.115446784606347210e+05 7.800000000000000266e-01 7.028149114616286663e-01 1.730606046644925122e+00 1.131747747849271152e-01 2.570617718848116056e+02 4.028074689799532280e+03
-6.817457300643899944e+05 6.046193078681789339e+05 0.000000000000000000e+00 7.063665509443737278e-01 -1.111095902330724527e+00 0.000000000000000000e+00 -7.482630517466085730e+05 8.699999999999999956e-01 1.080479610997307383e+00 1.776869097829337996e+00 4.423005761681413350e-01 3.541103281822752251e+02 1.581108883280519876e+03
-6.788067116857289802e+05 6.045219248517986853e+05 0.000000000000000000e+00 7.007595205632621838e-01 -1.110650007405917794e+00 0.000000000000000000e+00 -7.482630517466085730e+05 8.800000000000000044e-01 1.083041998331043310e+00 1.889309172857180030e+00 4.366980071654052997e-01 5.609562491984006556e+02 1.574195242745851374e+03
-6.758612168858103687e+05 6.044207209679402877e+05 0.000000000000000000e+00 6.951349719758512791e-01 -1.110192557454150464e+00 0.000000000000000000e+00 -7.482630517466085730e+05 8.900000000000000133e-01 1.085505636518470984e+00 1.714458590801740456e+00 4.310945965032691451e-01 7.634029995579949173e+02 1.574328670621370293e+03
8.412032413583134767e+05 -3.195213279791928362e+05 0.000000000000000000e+00 -1.204255670945994616e+00 1.038573827859208931e+00 0.000000000000000000e+00 -2.993052206986434176e+05 9.300000000000000488e-01 1.497061962497637788e+00 1.760090215635456090e+00 8.217809422355091264e-01 7.559365658896949753e+02 3.182786716946343972e+02
8.401211002753255889e+05 -3.195702832997905207e+05 0.000000000000000000e+00 -1.200457038127098031e+00 1.038656320953287082e+00 0.000000000000000000e+00 -2.993052206986434176e+05 9.400000000000000577e-01 1.493850753240549611e+00 1.752348589791724365e+00 8.168488542440620614e-01 5.033673726480928963e+02 2.915546062974708548e+02
8.390364051831141114e+05 -3.196193008742896491e+05 0.000000000000000000e+00 -1.196648981403393597e+00 1.038738534415421855e+00 0.000000000000000000e+00 -2.993052206986434176e+05 9.500000000000000666e-01 1.490643491696713951e+00 1.742793269462439731e+00 8.119175926342981908e-01 2.557052289416069470e+02 2.820109038279037463e+02
8.225249812301269267e+05 -2.900634178612434771e+05 0.000000000000000000e+00 -1.136658844550350045e+00 9.555591497632229814e-01 0.000000000000000000e+00 -2.993052206986434176e+05 1.100000000000000089e+00 1.409750193039924326e+00 2.932479960610797853e+00 6.458221051259749323e-01 7.252129888436338661e+02 1.675975507382789601e+03
8.214027297364533879e+05 -2.901812290136125521e+05 0.000000000000000000e+00 -1.132706307942233703e+00 9.558644013597012989e-01 0.000000000000000000e+00 -2.993052206986434176e+05 1.110000000000000098e+00 1.406733229650862560e+00 2.962106201911924863e+00 6.411377721180308020e-01 4.688493596880925907e+02 1.825987303890293560e+03
-7.901106999436368933e+05 4.801759704863826046e+05 0.000000000000000000e+00 8.350482833428812812e-01 -9.625855738519355498e-01 0.000000000000000000e+00 -7.856762043339390075e+05 1.110000000000000098e+00 1.159479428957097991e+00 1.597108186377802497e+00 3.957203107953086163e-01 3.388377179764856919e+02 2.353863031338184101e+03
8.202776066816254752e+05 -2.902992732674593572e+05 0.000000000000000000e+00 -1.128743126167642163e+00 9.561698564328019456e-01 0.000000000000000000e+00 -2.993052206986434176e+05 1.120000000000000107e+00 1.403719028981934125e+00 2.982667750679545371e+00 6.364549699795920557e-01 2.174507870669222029e+02 1.978403418704398291e+03
-7.867914304826552980e+05 4.806748878254625597e+05 0.000000000000000000e+00 8.288950450184530139e-01 -9.631645328691513797e-01 0.000000000000000000e+00 -7.856762043339390075e+05 1.120000000000000107e+00 1.160959465548807579e+00 1.562264581583156620e+00 3.898860125911894903e-01 4.858390836198486795e+02 2.219536017353520947e+03
-7.834624209345673444e+05 4.811711433721755166e+05 0.000000000000000000e+00 8.227164872459439282e-01 -9.637336226571628917e-01 0.000000000000000000e+00 -7.856762043339390075e+05 1.130000000000000115e+00 1.162399974613380627e+00 2.689995320501939347e+00 3.840502008974845394e-01 6.307998422411164938e+02 2.086691371576779147e+03
-7.801236025090663461e+05 4.816646873842943460e+05 0.000000000000000000e+00 8.165124005860292522e-01 -9.642926526199186998e-01 0.000000000000000000e+00 -7.856762043339390075e+05 1.140000000000000124e+00 1.163779373429796316e+00 1.970991419392275290e+00 3.782128636370699626e-01 7.736390340684865805e+02 1.955637692841434728e+03
8.444370833569294773e+05 -2.951949464597528568e+05 0.000000000000000000e+00 -1.053671749902569177e+00 8.725236641215308175e-01 0.000000000000000000e+00 -3.367183732859737938e+05 1.239999999999999991e+00 1.326431184514277994e+00 1.711484570709053799e+00 4.885921633638278250e-01 7.633123901637791278e+02 1.274403049381866595e+03
8.431293315717619844e+05 -2.954055776175337378e+05 0.000000000000000000e+00 -1.049547614878943325e+00 8.730373858842152002e-01 0.000000000000000000e+00 -3.367183732859737938e+05 1.250000000000000000e+00 1.323590650257868706e+00 1.699031971307588762e+00 4.841725359957057551e-01 4.993381553610079209e+02 1.148595683396055392e+03
8.418179581843391061e+05 -2.956166741976804915e+05 0.000000000000000000e+00 -1.045411396746809274e+00 8.735516833528598202e-01 0.000000000000000000e+00 -3.367183732859737938e+05 1.260000000000000009e+00 1.320751796748286910e+00 1.684475279033330608e+00 4.797552864179065457e-01 2.404810029314321582e+02 1.032411359703691005e+03
8.609173664635405876e+05 -2.964329393553935806e+05 0.000000000000000000e+00 -9.710605148187654301e-01 7.954782147580721219e-01 0.000000000000000000e+00 -3.741315258733042865e+05 1.360000000000000098e+00 1.245733233350726499e+00 1.628611359540876435e+00 3.470232138341275419e-01 6.170026372876163805e+02 7.244182406546815400e+02
8.594213132714577951e+05 -2.967572584820265183e+05 0.000000000000000000e+00 -9.667802775931957360e-01 7.962056397827947940e-01 0.000000000000000000e+00 -3.741315258733042865e+05 1.370000000000000107e+00 1.243054195659334837e+00 1.616593156340449866e+00 3.428805979856685560e-01 3.472936974724525498e+02 8.054510665538127796e+02
-8.201370368505129591e+05 3.274486644312995486e+05 0.000000000000000000e+00 9.105989742315829805e-01 -8.314852873725990801e-01 0.000000000000000000e+00 -7.856762043339390075e+05 1.370000000000000107e+00 1.223258124080052411e+00 1.601347582384613943e+00 3.241908099741881988e-01 2.733528936964685272e+02 1.204751420214388190e+03
-8.501934353567539947e+05 3.595492021608890500e+05 0.000000000000000000e+00 8.868735209187110780e-01 -8.260862723530099094e-01 0.000000000000000000e+00 -8.230893569212694420e+05 1.380000000000000115e+00 1.223499707847430562e+00 2.969924796760517793e+00 3.180761307145867911e-01 3.488932043917939154e+02 1.319516387460442957e+03
-8.322383092121179216e+05 3.803896161984080682e+05 0.000000000000000000e+00 8.519801976945214905e-01 -8.437998793940186815e-01 0.000000000000000000e+00 -8.230893569212694420e+05 1.390000000000000124e+00 8.201696146761265904e-01 2.689400497659631739e+00 2.984538779430754296e-01 4.065647247169272305e+02 4.561100018827262829e+03
-8.464916239235003013e+05 3.606720955006614095e+05 0.000000000000000000e+00 8.801457593691150993e-01 -8.276516417310814111e-01 0.000000000000000000e+00 -8.230893569212694420e+05 1.390000000000000124e+00 1.223586356686462429e+00 2.244675620163580909e+00 3.119735834502611049e-01 4.168576517197634530e+02 1.443317196798441955e+03
-8.849940023009730503e+05 1.784779184711972193e+05 0.000000000000000000e+00 1.070780541139340070e+00 -6.757552524880765521e-01 0.000000000000000000e+00 -7.856762043339390075e+05 1.390000000000000124e+00 8.964982738844367027e-01 1.917686480844505326e+00 3.765254511916086289e-01 5.292475943380059107e+02 4.640731533799998033e+03
-6.124127810765684117e+05 -6.210495531353469705e+05 0.000000000000000000e+00 1.501035571839312688e+00 5.693818744743788240e-01 0.000000000000000000e+00 -5.986104413972868351e+05 1.390000000000000124e+00 1.374112976331073765e+00 2.561760170060712660e+00 8.518768932723556064e-01 3.701653398486305377e+02 1.972750543487301684e+03
-3.112612350191317964e+05 8.527416428709931206e+05 0.000000000000000000e+00 1.876306265027688491e-02 -9.774343656108136491e-01 0.000000000000000000e+00 -8.979156620959301945e+05 1.400000000000000133e+00 5.698933340966999550e-01 2.340113920732969532e+00 4.691805051061731513e-02 6.895135069240868688e+02 8.096541251539569203e+03
-8.427757851868220605e+05 3.617942633181369165e+05 0.000000000000000000e+00 8.733820516919561516e-01 -8.292095236824735816e-01 0.000000000000000000e+00 -8.230893569212694420e+05 1.400000000000000133e+00 1.223541027770532974e+00 1.725677899849799246e+00 3.058685493509296083e-01 4.766990729083399856e+02 1.575146662325038960e+03
-3.076234037730125128e+05 8.508665459762963001e+05 0.000000000000000000e+00 1.326117024496314967e-02 -9.736474679733175819e-01 0.000000000000000000e+00 -8.979156620959301945e+05 1.409999999999999920e+00 5.729930196899065686e-01 1.720499597666606206e+00 4.158367719367343784e-02 4.647879841171125008e+02 8.053879099495368791e+03
-8.390457872202440631e+05 3.629156522688433761e+05 0.000000000000000000e+00 8.665820088608223726e-01 -8.307596700493289354e-01 0.000000000000000000e+00 -8.230893569212694420e+05 1.409999999999999920e+00 1.223419513785187762e+00 2.636893408752025714e+00 2.997610058054019921e-01 5.278626534652275950e+02 1.714084145033067898e+03
-3.039800436726482003e+05 8.489786536793453852e+05 0.000000000000000000e+00 7.749425832018430604e-03 -9.698276129638525589e-01 0.000000000000000000e+00 -8.979156620959301945e+05 1.419999999999999929e+00 5.760500430325969923e-01 1.852020801593450727e+00 3.624895788777052208e-02 2.456545304201536055e+02 8.014576970378802798e+03
-8.353014962948958855e+05 3.640362075984334224e+05 0.000000000000000000e+00 8.597452362726505370e-01 -8.323018261005441509e-01 0.000000000000000000e+00 -8.230893569212694420e+05 1.419999999999999929e+00 1.223105445621353704e+00 1.730004194367027459e+00 2.936509298562250403e-01 5.697888149420059563e+02 1.859301889692994791e+03
-8.315427768489446025e+05 3.651558731035250239e+05 0.000000000000000000e+00 8.528713336577791182e-01 -8.338357303416104038e-01 0.000000000000000000e+00 -8.230893569212694420e+05 1.429999999999999938e+00 1.222700449170721848e+00 2.268036084752909964e+00 2.875382981923613190e-01 6.019164157691166110e+02 2.010064775120285503e+03
-8.277694914564142236e+05 3.662745910913317348e+05 0.000000000000000000e+00 8.459598949886273367e-01 -8.353611143182680943e-01 0.000000000000000000e+00 -8.230893569212694420e+05 1.439999999999999947e+00 1.222139861991540455e+00 2.979806211651322201e+00 2.814230871415590030e-01 6.236862560779545674e+02 2.165725852309110451e+03
8.402891403849048074e+05 -2.664527674244298250e+05 0.000000000000000000e+00 -9.115388171954166285e-01 7.281884103038037681e-01 0.000000000000000000e+00 -3.741315258733042865e+05 1.449999999999999956e+00 1.171162920193190127e+00 2.313474727868063852e+00 2.255752873983198625e-01 5.975133025435925447e+02 1.879299400855322347e+03
-8.239815007954225875e+05 3.673923023380364757e+05 0.000000000000000000e+00 8.390105083871401970e-01 -8.368777024138114307e-01 0.000000000000000000e+00 -8.230893569212694420e+05 1.449999999999999956e+00 1.221378388849652552e+00 1.655682212229698358e+00 2.753052726625971891e-01 6.345449711953187943e+02 2.325719491655567708e+03
8.723786011729456950e+05 -2.940469435549185146e+05 0.000000000000000000e+00 -8.894364784473769436e-01 7.234481607601899178e-01 0.000000000000000000e+00 -4.115446784606347210e+05 1.459999999999999964e+00 1.166952295938025630e+00 2.309574483109413379e+00 2.200301995471277416e-01 3.187992377251621292e+02 2.052579286516857792e+03
-8.201786636158230249e+05 3.685089460458430112e+05 0.000000000000000000e+00 8.320227560309534365e-01 -8.383852116397201293e-01 0.000000000000000000e+00 -8.230893569212694420e+05 1.459999999999999964e+00 1.220497826361094384e+00 1.810512368096902414e+00 2.691848303372652573e-01 6.339492375750824067e+02 2.204393669876117201e+03
-5.652048494059980148e+05 -6.872160258219077950e+05 0.000000000000000000e+00 1.450637051888685081e+00 6.968626929701424721e-01 0.000000000000000000e+00 -5.986104413972868351e+05 1.459999999999999964e+00 1.420145202925646055e+00 1.957810454040623149e+00 8.666379644140645988e-01 7.623782978242479658e+02 1.888256906160728931e+03
-8.163608367062360048e+05 3.696244597986886511e+05 0.000000000000000000e+00 8.249962140582945969e-01 -8.398833514194452565e-01 0.000000000000000000e+00 -8.230893569212694420e+05 1.469999999999999973e+00 1.219445610881762621e+00 1.916183161139260349e+00 2.630617353621436671e-01 6.213702994404357014e+02 2.022041350230817898e+03
-8.125278748604535358e+05 3.707387795165434945e+05 0.000000000000000000e+00 8.179304524716550784e-01 -8.413718233650788747e-01 0.000000000000000000e+00 -8.230893569212694420e+05 1.479999999999999982e+00 1.218214484681516829e+00 1.941507574945759984e+00 2.569359625401738123e-01 5.962989461930064863e+02 1.838911148855005422e+03
-8.086796308432170190e+05 3.718518394082658924e+05 0.000000000000000000e+00 8.108250350401952078e-01 -8.428503210466179452e-01 0.000000000000000000e+00 -8.230893569212694420e+05 1.489999999999999991e+00 1.216797142274836707e+00 1.879076428751914385e+00 2.508074862719457676e-01 5.582508146369391397e+02 1.655192927225392623e+03
-8.048159553553566802e+05 3.729635719229505048e+05 0.000000000000000000e+00 8.036795192009561495e-01 -8.443185297536059952e-01 0.000000000000000000e+00 -8.230893569212694420e+05 1.500000000000000000e+00 1.215187002300244901e+00 1.750696867685683777e+00 2.446762805467967705e-01 5.067722969603591991e+02 1.471164109987883421e+03
7.971921352569877636e+05 -4.506861168511856813e+05 0.000000000000000000e+00 -9.221441218285666430e-01 1.254186906055940742e+00 0.000000000000000000e+00 -3.367183732859737938e+05 1.500000000000000000e+00 1.359672270045778841e+00 2.654947439661687447e+00 7.791587517827183174e-01 3.407629588775689626e+02 2.289724665236118199e+03
8.537367581048158463e+05 -2.617919895502272411e+05 0.000000000000000000e+00 -8.401249673874875423e-01 6.573219117476910567e-01 0.000000000000000000e+00 -4.115446784606347210e+05 1.510000000000000009e+00 1.098159434281249514e+00 2.499318791505682924e+00 1.185578958778683994e-01 7.842944338458937636e+02 2.031308120505904753e+03
-8.009366969982644077e+05 3.740739076997196535e+05 0.000000000000000000e+00 7.964934559588463525e-01 -8.457761262488160403e-01 0.000000000000000000e+00 -8.230893569212694420e+05 1.510000000000000009e+00 1.213377750783550146e+00 1.591104985438183128e+00 2.385423189336086103e-01 4.414462477299121019e+02 1.287225358084458321e+03
7.957688640305654844e+05 -4.504839428280994180e+05 0.000000000000000000e+00 -9.176610078736011644e-01 1.253440364586156042e+00 0.000000000000000000e+00 -3.367183732859737938e+05 1.510000000000000009e+00 1.356415880151751407e+00 2.290824645584848440e+00 7.735057786173593630e-01 5.418041593144653234e+02 2.138141611122503946e+03
8.520585715183687862e+05 -2.623548977111348649e+05 0.000000000000000000e+00 -8.356977293425036368e-01 6.585081029205852587e-01 0.000000000000000000e+00 -4.115446784606347210e+05 1.520000000000000018e+00 1.095782749876672568e+00 2.534479650577368126e+00 1.149710157010131878e-01 4.925094675502532482e+02 1.861828495248581930e+03
-8.262529127721487312e+05 4.067282051764721400e+05 0.000000000000000000e+00 7.725523813483371471e-01 -8.391741419926563861e-01 0.000000000000000000e+00 -8.605025095085998764e+05 1.520000000000000018e+00 1.211337429444040437e+00 2.849576206800334077e+00 2.323549415795747308e-01 3.618990241382834938e+02 1.103951820382705364e+03
7.943410185253582895e+05 -4.502810230992636643e+05 0.000000000000000000e+00 -9.131626329092230598e-01 1.252690477219279064e+00 0.000000000000000000e+00 -3.367183732859737938e+05 1.520000000000000018e+00 1.353159946730187801e+00 2.033546425742032149e+00 7.678517031674535476e-01 7.455770486331848588e+02 1.994435298848887896e+03
8.503748602861780673e+05 -2.629193197965509025e+05 0.000000000000000000e+00 -8.312549140338014730e-01 6.596963404402542697e-01 0.000000000000000000e+00 -4.115446784606347210e+05 1.530000000000000027e+00 1.093404125387831716e+00 2.561535296114421989e+00 1.113896293545537791e-01 2.065688741547828613e+02 1.699667310429250620e+03
-8.220683317467510933e+05 4.078871955821550218e+05 0.000000000000000000e+00 7.651916405298837542e-01 -8.405014765108620445e-01 0.000000000000000000e+00 -8.605025095085998764e+05 1.530000000000000027e+00 1.209101181615731546e+00 2.130658878204920725e+00 2.262222603006827648e-01 2.678071415179392716e+02 9.221670746894935746e+02
-5.158119199742506025e+05 -7.450424189239531988e+05 0.000000000000000000e+00 1.392652465927961103e+00 8.086595242968397379e-01 0.000000000000000000e+00 -5.986104413972868351e+05 1.530000000000000027e+00 1.467863090406583026e+00 2.836549747922408216e+00 8.757489168258641987e-01 6.353346965342552721e+02 7.594420546382951898e+02
8.615708094270284055e+05 -2.939222418435630389e+05 0.000000000000000000e+00 -8.632775713137528228e-01 7.324813151119320409e-01 0.000000000000000000e+00 -4.115446784606347210e+05 1.540000000000000036e+00 8.026268726198977355e-01 1.734623002473103526e+00 1.991751517585589326e-01 2.065062924558596933e+02 4.751855669279257199e+03
-8.710093575022582663e+05 2.279851011142855277e+05 0.000000000000000000e+00 9.551895249869818416e-01 -7.105555586336590457e-01 0.000000000000000000e+00 -8.230893569212694420e+05 1.540000000000000036e+00 8.811859860459437810e-01 2.365924169356357964e+00 2.815129971271466136e-01 4.716859487807396363e+02 3.963853240051095781e+03
8.598420190415142570e+05 -2.943931996375207091e+05 0.000000000000000000e+00 -8.587319125154941890e-01 7.334448127795328842e-01 0.000000000000000000e+00 -4.115446784606347210e+05 1.550000000000000044e+00 8.026733981822983255e-01 1.597076537618287162e+00 1.953153529136498756e-01 2.992833417997853758e+02 4.744271725819491621e+03
8.581074332943873014e+05 -2.948654206107833888e+05 0.000000000000000000e+00 -8.541699778968836476e-01 7.344097513591351101e-01 0.000000000000000000e+00 -4.115446784606347210e+05 1.560000000000000053e+00 8.027785257371485850e-01 2.867385929194688821e+00 1.914602948812618444e-01 3.931020919458505887e+02 4.743793127444008860e+03
8.618122895544706844e+05 -2.534085532701923221e+05 0.000000000000000000e+00 -7.664338348877408613e-01 5.899448114586637315e-01 0.000000000000000000e+00 -4.489578310479650972e+05 1.560000000000000053e+00 1.023345126090895452e+00 1.814221341277414190e+00 1.915463947544939968e-02 6.663033676841596389e+02 1.242388970206279510e+03
8.563669958923835075e+05 -2.953389154589790851e+05 0.000000000000000000e+00 -8.495916056296628494e-01 7.353761343930513839e-01 0.000000000000000000e+00 -4.115446784606347210e+05 1.570000000000000062e+00 8.028375576321387097e-01 2.400375730845168754e+00 1.876100254228681152e-01 4.879760786489359816e+02 4.750503330000475216e+03
8.599775205724937841e+05 -2.541295924948082247e+05 0.000000000000000000e+00 -7.619491154705340108e-01 5.913332178061893041e-01 0.000000000000000000e+00 -4.489578310479650972e+05 1.570000000000000062e+00 1.021123935895503987e+00 1.835507377794438177e+00 1.584295006187316432e-02 3.683817984515162607e+02 1.126736163721812545e+03
8.546206496364292689e+05 -2.958136950342366472e+05 0.000000000000000000e+00 -8.449966312568419902e-01 7.363439653742314128e-01 0.000000000000000000e+00 -4.115446784606347210e+05 1.580000000000000071e+00 8.028905846855868278e-01 2.068680528007000419e+00 1.837645930963397456e-01 5.839191055398750905e+02 4.764460670809362455e+03
8.528683364010984078e+05 -2.962897703484623926e+05 0.000000000000000000e+00 -8.403848876332622453e-01 7.373132477436563637e-01 0.000000000000000000e+00 -4.115446784606347210e+05 1.590000000000000080e+00 8.029395204298392930e-01 1.839722141867694560e+00 1.799240472746074793e-01 6.809453171597342589e+02 4.785697775453581016e+03
-4.162521360035670805e+05 -7.630505358090959489e+05 0.000000000000000000e+00 1.340699097579945542e+00 9.271564382495953716e-01 0.000000000000000000e+00 -5.611972888099564007e+05 1.590000000000000080e+00 1.510944843031032603e+00 1.848816551198155800e+00 8.894722220522391920e-01 7.915882869943598052e+02 3.210162929356958443e+02
8.511099971150257625e+05 -2.967671525766081177e+05 0.000000000000000000e+00 -8.357562048626901996e-01 7.382839848862196019e-01 0.000000000000000000e+00 -4.115446784606347210e+05 1.600000000000000089e+00 8.029853158186974760e-01 1.672433963825782577e+00 1.760884381630993256e-01 7.790691607587614271e+02 4.814221432249972167e+03
-3.681886628302081372e+05 -8.051732268155848142e+05 0.000000000000000000e+00 1.273897356198076425e+00 1.015979261896768904e+00 0.000000000000000000e+00 -5.611972888099564007e+05 1.650000000000000133e+00 1.552227972155273639e+00 1.799327860602701890e+00 8.960765017704567237e-01 5.686207837248884971e+02 9.089280685444720120e+02
-8.801015990880543832e+05 8.865249099307588767e+04 0.000000000000000000e+00 1.021578075568737143e+00 -5.811369734989046965e-01 0.000000000000000000e+00 -8.230893569212694420e+05 1.689999999999999947e+00 9.320958001399692883e-01 2.336316066331263208e+00 2.557291622623579230e-01 6.283579369625467734e+02 3.478802369253213783e+03
-9.140743509654189693e+05 1.126681269827624201e+05 0.000000000000000000e+00 9.962707564432624618e-01 -5.826486719385653990e-01 0.000000000000000000e+00 -8.605025095085998764e+05 1.699999999999999956e+00 9.336677623277583882e-01 1.724738421258449783e+00 2.485087402996135897e-01 3.777968848892287497e+02 3.387596460160678362e+03
7.696623357810005546e+05 -4.184210249139192747e+05 0.000000000000000000e+00 -8.297300354190707550e-01 1.170039805516146281e+00 0.000000000000000000e+00 -3.367183732859737938e+05 1.729999999999999982e+00 1.279775234124890915e+00 2.939798696061102667e+00 5.768923763990413400e-01 2.419005867124069482e+02 2.618885448499808263e+03
7.681131788687033113e+05 -4.182916793337685522e+05 0.000000000000000000e+00 -8.248248991318014589e-01 1.169482414948492144e+00 0.000000000000000000e+00 -3.367183732859737938e+05 1.739999999999999991e+00 1.276645049718962310e+00 2.426599227951753868e+00 5.714934813369613176e-01 4.512261587918537771e+02 2.676439838589462852e+03
7.665582318031757604e+05 -4.181617064256691374e+05 0.000000000000000000e+00 -8.199003104278725917e-01 1.168921624124721781e+00 0.000000000000000000e+00 -3.367183732859737938e+05 1.750000000000000000e+00 1.273510946943547273e+00 2.070573142906337871e+00 5.660942726723614538e-01 6.637903333139884126e+02 2.507691500869716947e+03
-9.050308550331788138e+05 -1.662376355302031152e+04 0.000000000000000000e+00 1.036719138456379419e+00 -4.638931442931656379e-01 0.000000000000000000e+00 -8.605025095085998764e+05 1.840000000000000080e+00 9.758641220803524474e-01 1.623642811451506240e+00 2.196136183808372888e-01 5.585095085693374131e+02 3.344428795435528173e+03
-9.011948793377827387e+05 -1.375558773108612513e+04 0.000000000000000000e+00 1.029715261923682235e+00 -4.685552452635438625e-01 0.000000000000000000e+00 -8.605025095085998764e+05 1.850000000000000089e+00 9.776943021015904733e-01 1.874226969495775386e+00 2.126336859159879134e-01 3.070412136671720873e+02 3.425391461108687508e+03
7.710042740187655436e+05 -4.307180070159197785e+05 0.000000000000000000e+00 -7.241385552471520937e-01 1.087459810451713249e+00 0.000000000000000000e+00 -3.741315258733042865e+05 1.919999999999999929e+00 1.206917344547210114e+00 2.244226006814392882e+00 4.039485987657565613e-01 2.295403563894451509e+02 2.457045450360246832e+03
7.691292809582091868e+05 -4.306611276958749513e+05 0.000000000000000000e+00 -7.187488490243276740e-01 1.087074539787165062e+00 0.000000000000000000e+00 -3.741315258733042865e+05 1.929999999999999938e+00 1.203856220183717740e+00 1.894000804637882673e+00 3.988517581179878979e-01 4.549297490516328253e+02 2.643230416838242490e+03
7.672461316334377043e+05 -4.306037208436577930e+05 0.000000000000000000e+00 -7.133341709581511036e-01 1.086685449499055656e+00 0.000000000000000000e+00 -3.741315258733042865e+05 1.939999999999999947e+00 1.200790841285587440e+00 1.666413104438687398e+00 3.937558944039218356e-01 6.843642989626096096e+02 2.841557050031973631e+03
-8.843452618038291112e+05 -1.342982946283212514e+05 0.000000000000000000e+00 1.063778463581267930e+00 -3.493199538747995825e-01 0.000000000000000000e+00 -8.605025095085998764e+05 1.959999999999999964e+00 1.012630102919943820e+00 1.648981701397503663e+00 1.957336704913523462e-01 7.345212331556358549e+02 2.230897862811995310e+03
-8.806277514322292991e+05 -1.309117090342253214e+05 0.000000000000000000e+00 1.056943839296593524e+00 -3.550031124790477555e-01 0.000000000000000000e+00 -8.605025095085998764e+05 1.969999999999999973e+00 1.014209198699768333e+00 1.655882337098441681e+00 1.883903898232945628e-01 4.720121328254908804e+02 2.195382686002542869e+03
-8.768870395801251289e+05 -1.275078471592895803e+05 0.000000000000000000e+00 1.050041760744229835e+00 -3.607180278097200099e-01 0.000000000000000000e+00 -8.605025095085998764e+05 1.979999999999999982e+00 1.015703040323296280e+00 3.123594846103523892e+00 1.810383256051408540e-01 2.195853470801021103e+02 2.180919244683805118e+03
7.684210056506366236e+05 -4.410335905870866845e+05 0.000000000000000000e+00 -6.262293657107121936e-01 1.013950097827304386e+00 0.000000000000000000e+00 -4.115446784606347210e+05 2.069999999999999840e+00 1.141992984940042977e+00 1.610027504347533167e+00 2.609804742748348949e-01 2.853869490344004589e+02 2.338441062858059013e+03
7.661963146486922633e+05 -4.410793879038876621e+05 0.000000000000000000e+00 -6.203640231066506194e-01 1.013753664700770551e+00 0.000000000000000000e+00 -4.115446784606347210e+05 2.080000000000000071e+00 1.139022897751503338e+00 2.778083317063691382e+00 2.562293586276271351e-01 5.341981163491036568e+02 2.493667505189835083e+03
-8.883994967727509793e+05 -2.247882695699883043e+05 0.000000000000000000e+00 1.049613641785677842e+00 -2.556332961500914491e-01 0.000000000000000000e+00 -8.979156620959301945e+05 2.080000000000000071e+00 1.043642619858024867e+00 1.600754928788539644e+00 1.616583854204969306e-01 5.907918177382534850e+02 2.129536895256249409e+03
7.866436150028055999e+05 -4.788676193549198797e+05 0.000000000000000000e+00 -5.983793451108856409e-01 1.004137149709089849e+00 0.000000000000000000e+00 -4.489578310479650972e+05 2.089999999999999858e+00 1.134194634779286615e+00 2.147330583976407858e+00 2.496736079899483096e-01 7.882278327439344139e+02 2.671501104975170165e+03
-8.845296863393983804e+05 -2.206181124074818217e+05 0.000000000000000000e+00 1.042708762159489932e+00 -2.623438639779065440e-01 0.000000000000000000e+00 -8.979156620959301945e+05 2.089999999999999858e+00 1.044288815645130652e+00 3.036932632773779339e+00 1.539159381842338803e-01 3.693629473243172470e+02 1.937373749414232179e+03
7.645696918258308433e+05 -4.493869183600342367e+05 0.000000000000000000e+00 -5.402653257238609896e-01 9.474438383870866787e-01 0.000000000000000000e+00 -4.489578310479650972e+05 2.180000000000000160e+00 1.083948877540509503e+00 2.235270430920399676e+00 1.451603212778893592e-01 2.927116726003196163e+02 2.310821717826238000e+03
7.816648450329538900e+05 -4.848344973378583090e+05 0.000000000000000000e+00 -5.180319533881283522e-01 9.379165628064857207e-01 0.000000000000000000e+00 -4.863709836352955317e+05 2.189999999999999947e+00 1.079326658751592838e+00 1.777723355295415253e+00 1.391935773147313926e-01 5.689849995317763387e+02 2.356631676959337710e+03
-8.412002135459685232e+05 -3.090511278656925424e+05 0.000000000000000000e+00 1.034510935983828261e+00 -1.794922864337465951e-01 0.000000000000000000e+00 -8.979156620959301945e+05 2.200000000000000178e+00 1.062032951847703854e+00 2.871085390246344460e+00 1.189059787008208552e-01 7.340344364744423729e+02 1.923588241456112200e+03
-8.374123657460347749e+05 -3.042568052732505603e+05 0.000000000000000000e+00 1.027634618323676197e+00 -1.873647507583994787e-01 0.000000000000000000e+00 -8.979156620959301945e+05 2.209999999999999964e+00 1.060327401921354440e+00 2.314218130577042842e+00 1.106971096518972048e-01 6.432624020410803496e+02 2.136273323446347604e+03
-8.714457077931122622e+05 -2.920052236148142256e+05 0.000000000000000000e+00 1.002959275719314203e+00 -2.013398073126784760e-01 0.000000000000000000e+00 -9.353288146832606290e+05 2.220000000000000195e+00 1.056872065701217167e+00 1.764841584263857399e+00 1.010941606929175174e-01 5.780094664682328585e+02 2.044115842777641319e+03
-8.673278336528287036e+05 -2.868407901637198520e+05 0.000000000000000000e+00 9.956583907403109279e-01 -2.093508124695332984e-01 0.000000000000000000e+00 -9.353288146832606290e+05 2.229999999999999982e+00 1.054464352810584593e+00 2.641003663930967527e+00 9.286029699315402619e-02 5.392880397005892519e+02 1.749730188057569421e+03
-8.631744428061483195e+05 -2.816376348031919915e+05 0.000000000000000000e+00 9.882544363154370792e-01 -2.174301751669796001e-01 0.000000000000000000e+00 -9.353288146832606290e+05 2.240000000000000213e+00 1.051593991338293232e+00 1.650830681321434845e+00 8.460994277624547810e-02 5.282545719432955593e+02 1.462261819932402886e+03
-8.589846390354130417e+05 -2.763950751994844759e+05 0.000000000000000000e+00 9.807443121937822195e-01 -2.255789129043174190e-01 0.000000000000000000e+00 -9.353288146832606290e+05 2.250000000000000000e+00 1.048348321258913973e+00 1.926205949389063754e+00 7.634283810436655326e-02 5.462334979726101665e+02 1.187510568427190265e+03
7.767084454206718365e+05 -4.884703379423237056e+05 0.000000000000000000e+00 -4.479132258081861551e-01 8.761063175858202490e-01 0.000000000000000000e+00 -5.237841362226260244e+05 2.260000000000000231e+00 1.027678109145381047e+00 1.588138239740298552e+00 4.750049048539841529e-02 3.379498498566408671e+02 2.906518863550219521e+03
-8.547574914493438555e+05 -2.711124117451368948e+05 0.000000000000000000e+00 9.731247891251730842e-01 -2.337980544190079724e-01 0.000000000000000000e+00 -9.353288146832606290e+05 2.260000000000000231e+00 1.044655910868567350e+00 2.138373121879706851e+00 6.805871666301802070e-02 5.947424103616094726e+02 9.344341130528532631e+02
7.735293008089726791e+05 -4.888213481199920643e+05 0.000000000000000000e+00 -4.411998664526327607e-01 8.762375704667265675e-01 0.000000000000000000e+00 -5.237841362226260244e+05 2.270000000000000018e+00 1.024697001726540435e+00 2.496646936427463714e+00 4.353699625607618945e-02 6.460718791975095883e+02 2.765083664597499137e+03
-8.504920333449067548e+05 -2.657889264746808331e+05 0.000000000000000000e+00 9.653925020745324215e-01 -2.420886384945451497e-01 0.000000000000000000e+00 -9.353288146832606290e+05 2.270000000000000018e+00 1.040495467924930750e+00 2.178601602622868505e+00 5.975730564028829128e-02 6.755186177363966635e+02 7.163538886781097972e+02
-8.816709532422154443e+05 -2.509534095161827281e+05 0.000000000000000000e+00 9.395018236932670685e-01 -2.556927484293514685e-01 0.000000000000000000e+00 -9.727419672705910634e+05 2.280000000000000249e+00 1.034490131063287022e+00 2.027821357840817740e+00 5.008087188138760082e-02 7.905468825677617133e+02 5.515310520078352283e+02
6.735847294993185205e+05 -5.671505995520915603e+05 0.000000000000000000e+00 -4.114675270003051444e-01 1.234645666912495887e+00 0.000000000000000000e+00 -4.115446784606347210e+05 2.300000000000000266e+00 1.400382213154254485e+00 1.517295081322211914e+00 3.987556163753230298e-01 3.081136688273300024e+02 1.114238422612396562e+03
6.920796893141290639e+05 -5.862854063645210117e+05 0.000000000000000000e+00 -3.968160041472702515e-01 1.173456146482537932e+00 0.000000000000000000e+00 -4.489578310479650972e+05 2.330000000000000071e+00 1.346098910269185600e+00 2.067267346593609112e+00 3.304415050054314018e-01 4.344353882311943380e+02 1.378267569321497774e+02
6.960159606853739824e+05 -5.600516872273799963e+05 0.000000000000000000e+00 -3.984414636591920300e-01 1.126305307164753078e+00 0.000000000000000000e+00 -4.489578310479650972e+05 2.350000000000000089e+00 1.295517038475787919e+00 1.881426485888230360e+00 2.699437685914728990e-01 4.766415432832054648e+02 1.316204274629302233e+02
7.154645552473628195e+05 -5.743031854885572102e+05 0.000000000000000000e+00 -3.876959433123712828e-01 1.068858942114437882e+00 0.000000000000000000e+00 -4.863709836352955317e+05 2.359999999999999876e+00 1.243124966448500457e+00 1.930957412355376768e+00 2.126149370321880894e-01 4.997762477632022637e+02 3.150893906316217681e+02
