# r0x r0y r0z v0x v0y v0z t0_days Cj DE DV Emax h_perigeo h_min_periluneo
8.678143044533786451e+03 2.052776379906143120e+04 0.000000000000000000e+00 5.438188885249395810e+00 2.215619078412053966e+00 0.000000000000000000e+00 -1.462595320717117866e+05 0.000000000000000000e+00 2.792629285675266582e-01 1.700651226977114128e+00 9.716206416451711458e-02 3.471525440625928240e+02 1.207877403858016078e+04
-2.683045621201354152e+02 1.692352640742008225e+04 0.000000000000000000e+00 6.006473599604854385e+00 3.794092480855947525e+00 0.000000000000000000e+00 -1.500097764838069561e+05 1.000000000000000021e-02 3.999961346211167723e-01 2.064632954180190438e+00 2.064406786554083550e-01 7.857735294299909583e+02 8.258714989068759678e+03
9.331368805534386411e+03 2.063327056513618300e+04 0.000000000000000000e+00 5.402362047786285260e+00 2.143771121431598203e+00 0.000000000000000000e+00 -1.462595320717117866e+05 1.000000000000000021e-02 2.794981411412009176e-01 1.682367045655764670e+00 9.368062062761567388e-02 2.418235241372640303e+02 1.209860473070051921e+04
4.269237463921581366e+02 1.719507177790080823e+04 0.000000000000000000e+00 5.985068969589654841e+00 3.634850665090798572e+00 0.000000000000000000e+00 -1.500097764838069561e+05 2.000000000000000042e-02 4.003014743960811028e-01 2.034056367064642323e+00 2.030663147064349083e-01 6.743565076240929557e+02 8.292481163885735441e+03
1.125327021350653013e+03 1.745232197983741935e+04 0.000000000000000000e+00 5.959117505449006202e+00 3.483581637939780151e+00 0.000000000000000000e+00 -1.500097764838069561e+05 2.999999999999999889e-02 4.006076878752255488e-01 2.004149394709688004e+00 1.996954024727251864e-01 5.636206186434701522e+02 8.327182428955275100e+03
1.826352198701506495e+03 1.769575119615349831e+04 0.000000000000000000e+00 5.929322891819246877e+00 3.339989184269930078e+00 0.000000000000000000e+00 -1.500097764838069561e+05 4.000000000000000083e-02 4.008077424432769931e-01 1.974938936230568487e+00 1.962209396761513125e-01 4.535700219234904580e+02 8.362814119843347726e+03
-6.741116504199883821e+03 1.186472905487691787e+04 0.000000000000000000e+00 5.957503551787588947e+00 6.425599070532610035e+00 0.000000000000000000e+00 -1.537600208959021256e+05 5.000000000000000278e-02 6.796589550064794372e-01 2.552628466452318889e+00 4.650806604874702099e-01 7.908420909267961179e+02 4.804209266226414002e+03
2.529506358975738294e+03 1.792583396510938474e+04 0.000000000000000000e+00 5.896305408546892224e+00 3.203750497468626612e+00 0.000000000000000000e+00 -1.500097764838069561e+05 5.000000000000000278e-02 4.011156328664510773e-01 1.946441324984091281e+00 1.928569283942339063e-01 3.442088897543735584e+02 8.399371411538288157e+03
-6.061465308260465463e+03 1.239387193281303189e+04 0.000000000000000000e+00 6.071396946989802146e+00 6.095756256740271439e+00 0.000000000000000000e+00 -1.537600208959021256e+05 5.999999999999999778e-02 6.796765140382490245e-01 2.505416519695984334e+00 4.614644480834527163e-01 6.760542407315697346e+02 4.865625254404562838e+03
3.234351371877221482e+03 1.814304047593627547e+04 0.000000000000000000e+00 5.860609142133147209e+00 3.074527444398348131e+00 0.000000000000000000e+00 -1.500097764838069561e+05 5.999999999999999778e-02 4.014243822091589919e-01 1.918664250301366891e+00 1.894964227209463559e-01 2.355414051763182215e+02 8.436849326177849434e+03
-5.364381328337041850e+03 1.289663867866231521e+04 0.000000000000000000e+00 6.156430762452831829e+00 5.777553144155901599e+00 0.000000000000000000e+00 -1.537600208959021256e+05 7.000000000000000666e-02 6.796941565150221853e-01 2.457677151404961791e+00 4.578509207339327425e-01 5.619934556873913607e+02 4.928181921373253317e+03
-4.652418102897089739e+03 1.337324736777721773e+04 0.000000000000000000e+00 6.216234177330239419e+00 5.473210467451638195e+00 0.000000000000000000e+00 -1.537600208959021256e+05 8.000000000000000167e-02 6.797117704206306898e-01 2.409958437027941436e+00 4.542400916668075106e-01 4.486641733490532715e+02 4.958645754961288731e+03
-3.927893302696807950e+03 1.382418998731185638e+04 0.000000000000000000e+00 6.254330543813544807e+00 5.184088046068016098e+00 0.000000000000000000e+00 -1.537600208959021256e+05 8.999999999999999667e-02 6.797294725994607045e-01 2.362694822868852462e+00 4.506319741877423124e-01 3.360708453791694410e+02 4.902952841508122219e+03
-3.192878740662906239e+03 1.425015984567949999e+04 0.000000000000000000e+00 6.274002316380660638e+00 4.910857141007522131e+00 0.000000000000000000e+00 -1.537600208959021256e+05 1.000000000000000056e-01 6.795757534326972715e-01 2.316218890011517928e+00 4.468551500071858418e-01 2.242179364173371141e+02 4.848683639793011025e+03
-7.496476831433493317e+03 1.772070803682722908e+04 0.000000000000000000e+00 3.374283161387440444e+00 6.249046667157944768e+00 0.000000000000000000e+00 -2.583918399933574721e+06 4.400000000000000022e-01 8.043111971665957149e-01 2.042637176503087737e+00 3.893831226442535098e-01 5.036830078826087629e+02 3.068802637141813648e+03
4.297622446576837319e+03 2.229518062217728220e+04 0.000000000000000000e+00 5.100604384035992922e+00 3.200569159930902963e+00 0.000000000000000000e+00 -2.137639314894248964e+05 4.400000000000000022e-01 1.206713475419078030e+00 1.718392326734204723e+00 7.897410172552068452e-01 6.470118198345244309e+02 1.038677601899300953e+03
-1.168507499736524551e+04 6.326376700111321952e+03 0.000000000000000000e+00 3.463514060992922694e-01 9.558495970958011512e+00 0.000000000000000000e+00 -2.546415955812623259e+06 4.500000000000000111e-01 4.984687674779026967e-01 2.773691149343443740e+00 7.743896242463971236e-02 5.645075179406312600e+02 2.552383252297152467e+03
-1.053322036135711460e+04 6.137954696426781993e+03 0.000000000000000000e+00 3.474862749547181551e+00 9.617580994128299920e+00 0.000000000000000000e+00 -1.687609985442828329e+05 4.899999999999999911e-01 6.494525065918077544e-01 2.968111212898323359e+00 2.045301563603853789e-01 7.737765343730461609e+02 4.354441368950198012e+03
-7.919071047402395379e+03 -5.595842936549495789e+03 0.000000000000000000e+00 6.401098199884486917e+00 -7.575008537995683966e+00 0.000000000000000000e+00 -1.387590432475214475e+05 4.899999999999999911e-01 1.520590869736246631e-01 2.899558742223661945e+00 1.038854641964806896e-01 4.239854915440291734e+02 2.757435641571406813e+04
4.643615961589430299e+03 2.102110970432316753e+04 0.000000000000000000e+00 5.331298995676656105e+00 2.935227195512450926e+00 0.000000000000000000e+00 -1.687609985442828329e+05 5.000000000000000000e-01 1.531799336919357657e+00 1.733572575603886001e+00 1.081462980086381753e+00 7.845861118835182424e+02 4.352712467024317675e+02
-1.003177235657922029e+04 7.025919969997307817e+03 0.000000000000000000e+00 4.063767992830622511e+00 9.287251099719096459e+00 0.000000000000000000e+00 -1.687609985442828329e+05 5.000000000000000000e-01 6.493367124248976552e-01 2.941664657287910600e+00 2.010857880625336325e-01 6.366769273433910712e+02 4.390682003969621292e+03
-6.748779547815162005e+03 -6.957446592644050725e+03 0.000000000000000000e+00 6.727073100942359218e+00 -6.604758887858858785e+00 0.000000000000000000e+00 -1.387590432475214475e+05 5.000000000000000000e-01 1.522905881054389399e-01 2.755854908838802686e+00 9.984210538243323829e-02 4.923640443259218955e+02 2.758395330799038857e+04
5.412121939202645990e+03 2.121847308759436055e+04 0.000000000000000000e+00 5.302911263876625370e+00 2.829327383520641170e+00 0.000000000000000000e+00 -1.687609985442828329e+05 5.100000000000000089e-01 1.527541248195086965e+00 1.710429111133334068e+00 1.073918995274607990e+00 6.442546565271532018e+02 5.089324387439228303e+02
-9.466009516492167677e+03 7.894366615618828291e+03 0.000000000000000000e+00 4.594184495232527254e+00 8.886980485631108095e+00 0.000000000000000000e+00 -1.687609985442828329e+05 5.100000000000000089e-01 6.493503794649360117e-01 2.902014792289095979e+00 1.977744305686478798e-01 5.006492251182271502e+02 4.429353752971475842e+03
-5.538493264755019482e+03 -8.156018053754845823e+03 0.000000000000000000e+00 6.854601347134724243e+00 -5.779088356375869040e+00 0.000000000000000000e+00 -1.387590432475214475e+05 5.100000000000000089e-01 1.526184115187307344e-01 2.620331594189106994e+00 9.589736479538676917e-02 5.612275539524771375e+02 2.759394658365343639e+04
6.183711396047890958e+03 2.140430145024117883e+04 0.000000000000000000e+00 5.272647842308314736e+00 2.727982686523048095e+00 0.000000000000000000e+00 -1.687609985442828329e+05 5.200000000000000178e-01 1.523586771959047681e+00 1.687711615888471073e+00 1.066682508795618656e+00 5.050499227858908853e+02 5.898244565419187211e+02
-8.839845260540058007e+03 8.734806397110312901e+03 0.000000000000000000e+00 5.052082847093090301e+00 8.436538786750515939e+00 0.000000000000000000e+00 -1.687609985442828329e+05 5.200000000000000178e-01 6.493642103305548030e-01 2.851219445259525642e+00 1.944668124121481656e-01 3.656999840451780983e+02 4.470424775332618083e+03
-1.008846766305633537e+04 -1.553839372112169713e+03 0.000000000000000000e+00 4.753592359059785721e+00 -9.858376715015502612e+00 0.000000000000000000e+00 -1.462595320717117866e+05 5.200000000000000178e-01 1.746931953365207513e-01 3.198863180249934324e+00 1.081648053667926268e-01 2.463153482574725786e+02 1.670653995068529866e+03
-4.316566862965183645e+03 -9.218947516797759818e+03 0.000000000000000000e+00 6.863578460156203320e+00 -5.092662714545703295e+00 0.000000000000000000e+00 -1.387590432475214475e+05 5.200000000000000178e-01 1.528536498026698831e-01 2.497222695064584386e+00 9.186234514627239500e-02 6.305791442736144745e+02 2.760433808905559636e+04
6.958035396760678850e+03 2.157886441431305138e+04 0.000000000000000000e+00 5.240787609846047523e+00 2.631031096667382219e+00 0.000000000000000000e+00 -1.687609985442828329e+05 5.300000000000000266e-01 1.519642559852495634e+00 1.665428271442904062e+00 1.059460193066495970e+00 3.669787900265573626e+02 6.771359394230051976e+02
-8.158920028052454654e+03 9.540483972032578095e+03 0.000000000000000000e+00 5.431299792446143471e+00 7.957090829640460328e+00 0.000000000000000000e+00 -1.687609985442828329e+05 5.300000000000000266e-01 6.493781954910735621e-01 2.791838671899205870e+00 1.911629551491670631e-01 2.318357915617889375e+02 4.513861228858806498e+03
-3.099303404255787427e+03 -1.017052781197381410e+04 0.000000000000000000e+00 6.804964535125539449e+00 -4.524991539969353660e+00 0.000000000000000000e+00 -1.387590432475214475e+05 5.300000000000000266e-01 1.531837406104590293e-01 2.387122387424088998e+00 8.792443551253582845e-02 7.004219783274957081e+02 2.761512967284571278e+04
7.734774574980438047e+03 2.174243417114278418e+04 0.000000000000000000e+00 5.207580487170772265e+00 2.538305007891101361e+00 0.000000000000000000e+00 -1.687609985442828329e+05 5.400000000000000355e-01 1.515708558615035395e+00 1.643583711394833280e+00 1.052252016359571885e+00 2.300481679622189404e+02 7.701144405416742984e+02
-1.895639639858534792e+03 -1.103073416179207925e+04 0.000000000000000000e+00 6.709460962287099761e+00 -4.053845349423387034e+00 0.000000000000000000e+00 -1.387590432475214475e+05 5.400000000000000355e-01 1.535150476618461490e-01 2.289104625494327472e+00 8.398998247205871626e-02 7.707592498694948517e+02 2.762632318594487879e+04
7.968951548235538212e+03 -1.445797033598614871e+04 0.000000000000000000e+00 5.941468467482340365e+00 -1.928918241942314982e+00 0.000000000000000000e+00 -1.387590432475214475e+05 6.099999999999999867e-01 1.808743132273283316e-01 1.816899919103204475e+00 6.641623167046932508e-02 2.036489820210490507e+02 2.414981760414566816e+04
2.610160422080177796e+03 -1.160762946072136765e+04 0.000000000000000000e+00 6.812186416444673043e+00 -2.482790382619757708e+00 0.000000000000000000e+00 -1.500097764838069561e+05 6.199999999999999956e-01 4.594252286951929221e-01 2.112690659864630227e+00 3.452065723227817906e-01 5.852242457239372015e+02 3.150597785565375489e+03
9.021228095894672151e+03 -1.490157350150424463e+04 0.000000000000000000e+00 5.824662029487919668e+00 -1.801405558261046203e+00 0.000000000000000000e+00 -1.387590432475214475e+05 6.199999999999999956e-01 1.811507397720170387e-01 1.772249320354940316e+00 6.248028065278559556e-02 2.749865211029791681e+02 2.414629103728497648e+04
1.005554148418683508e+04 -1.532613441161965966e+04 0.000000000000000000e+00 5.714689089665368371e+00 -1.687863530719927674e+00 0.000000000000000000e+00 -1.387590432475214475e+05 6.300000000000000044e-01 1.815206975927347310e-01 1.731024670564213608e+00 5.864006326263832697e-02 3.468653666221125604e+02 2.414331666749704527e+04
-1.105239781884529657e+04 -2.708174516987467541e+03 0.000000000000000000e+00 -2.231076017936965972e+00 1.056776432922808695e+01 0.000000000000000000e+00 -2.223894936372437980e+06 6.400000000000000133e-01 9.480844533131204122e-01 3.133274794977111810e+00 4.302662228093949159e-01 3.673935198734006917e+02 3.126166320723958052e+03
1.107311020457290033e+04 -1.573386749826796404e+04 0.000000000000000000e+00 5.611003679442021053e+00 -1.586121798036867592e+00 0.000000000000000000e+00 -1.387590432475214475e+05 6.400000000000000133e-01 1.818018988697542304e-01 1.692792252003758158e+00 5.471330025262308855e-02 4.192891771146969404e+02 2.414089797326788903e+04
1.207504793417850669e+04 -1.612664249262418525e+04 0.000000000000000000e+00 5.513090078046975151e+00 -1.494431314324309756e+00 0.000000000000000000e+00 -1.387590432475214475e+05 6.500000000000000222e-01 1.821752243823770712e-01 1.657189886283318536e+00 5.088087992321942837e-02 4.922616535674978877e+02 2.413903843090275404e+04
-1.018784547412034772e+04 -2.315280270079868842e+03 0.000000000000000000e+00 4.597232650652417263e+00 -9.532683841885285503e+00 0.000000000000000000e+00 -1.425092876596165879e+05 6.600000000000000311e-01 1.825926196523496858e-01 3.088262376477179494e+00 4.705241470202035925e-02 5.657865384000779159e+02 2.413774151421558054e+04
-9.194276693227591750e+03 -4.193014596474584323e+03 0.000000000000000000e+00 5.668846358515345685e+00 -8.474590865160360309e+00 0.000000000000000000e+00 -1.425092876596165879e+05 6.700000000000000400e-01 1.828866266664040396e-01 2.974529469488651934e+00 4.313888528251991900e-02 6.398676223497996034e+02 2.413701069422258661e+04
-8.028479552232734932e+03 -5.850639994561244748e+03 0.000000000000000000e+00 6.311426679964742270e+00 -7.385874494200530549e+00 0.000000000000000000e+00 -1.425092876596165879e+05 6.800000000000000488e-01 1.832711758391355195e-01 2.833348243671985678e+00 3.931839077985365555e-02 7.145087362505746569e+02 2.413684943883880624e+04
-6.767789797626432119e+03 -7.300082692250982291e+03 0.000000000000000000e+00 6.634391459351545173e+00 -6.405765727604866733e+00 0.000000000000000000e+00 -1.425092876596165879e+05 6.900000000000000577e-01 1.835694959790702407e-01 2.688386907426767003e+00 3.541428855460201919e-02 7.897137574678235978e+02 2.413726121258010608e+04
5.045152812197743515e+03 2.217517116327905023e+04 0.000000000000000000e+00 5.085769187259884028e+00 3.094406986288091410e+00 0.000000000000000000e+00 -2.025131982531393878e+05 7.000000000000000666e-01 7.703805185551960699e-01 1.682375904855089921e+00 2.221890152661134266e-01 2.906690027014801672e+02 1.667351107037816746e+03
-3.760245699771299769e+03 1.150167944128213639e+04 0.000000000000000000e+00 3.472089218116773957e+00 5.961363301737586440e+00 0.000000000000000000e+00 -1.830119273102444829e+06 7.399999999999999911e-01 1.496944168344648940e+00 1.961034791770642549e+00 9.252383779745755321e-01 4.723057836059788315e+02 1.025607111965757213e+03
3.026652468699976907e+03 -1.252464501471989570e+04 0.000000000000000000e+00 6.475108215777775733e+00 -2.721624192244244789e+00 0.000000000000000000e+00 -1.425092876596165879e+05 7.399999999999999911e-01 2.201280246794311557e-01 2.038821053351918877e+00 3.751976295998922517e-02 2.189635270955495798e+02 2.035580574775674177e+04
4.262838522085095974e+03 -1.313741139922759248e+04 0.000000000000000000e+00 6.318480374480655470e+00 -2.475039067954279304e+00 0.000000000000000000e+00 -1.425092876596165879e+05 7.500000000000000000e-01 2.205543625742846792e-01 1.968162921080091721e+00 3.379788607923402827e-02 2.949726706230312629e+02 2.036839048804361300e+04
5.471519976050496552e+03 -1.370909571227707056e+04 0.000000000000000000e+00 6.170523850089870699e+00 -2.264989425227346587e+00 0.000000000000000000e+00 -1.425092876596165879e+05 7.600000000000000089e-01 2.208921162493487078e-01 1.904829842705359155e+00 2.998998548616104570e-02 3.715945264167594360e+02 2.038168748182095806e+04
6.654563656332404207e+03 -1.424597093195751586e+04 0.000000000000000000e+00 6.031344759252717402e+00 -2.084103311149353654e+00 0.000000000000000000e+00 -1.425092876596165879e+05 7.700000000000000178e-01 2.213222795424594769e-01 1.847646889022020567e+00 2.627703537426293035e-02 4.488334786719960903e+02 2.039569996170750528e+04
-2.346579761724657146e+03 9.494054734924951845e+03 0.000000000000000000e+00 3.717491214638354968e+00 6.349444997521037415e+00 0.000000000000000000e+00 -1.661358274558162084e+06 7.800000000000000266e-01 9.723801495934829564e-01 2.095274149913869621e+00 3.758435114717654790e-01 7.485751097774136724e+02 2.129298960002975491e+03
7.813777578149691180e+03 -1.475304980387072283e+04 0.000000000000000000e+00 5.900635799783170654e+00 -1.926810399385437522e+00 0.000000000000000000e+00 -1.425092876596165879e+05 7.800000000000000266e-01 2.216652781572872322e-01 1.795673602806097335e+00 2.247946592060647009e-02 5.266939664660567360e+02 2.041043112904136433e+04
3.622260279018755682e+03 1.688704318117575167e+04 0.000000000000000000e+00 3.937700451123508749e+00 4.540649519647510957e+00 0.000000000000000000e+00 -1.650107541321876692e+06 7.900000000000000355e-01 9.778119922160348754e-01 1.687247835985019151e+00 3.790787209769854171e-01 5.313877350619695790e+02 2.088459410968572229e+03
-1.054380149077614988e+04 5.140803413840185385e+03 0.000000000000000000e+00 2.350620733504438231e+00 1.028179307774787254e+01 0.000000000000000000e+00 -1.950127094289490487e+05 7.900000000000000355e-01 1.059479033482875643e+00 3.052734233432324196e+00 4.617686961816870883e-01 4.569708429187921865e+02 1.925792686234989333e+03
8.950861809649455608e+03 -1.523439066822188943e+04 0.000000000000000000e+00 5.777898187461810053e+00 -1.788839962674540374e+00 0.000000000000000000e+00 -1.425092876596165879e+05 7.900000000000000355e-01 2.220994185230547868e-01 1.748151035635314265e+00 1.877557966324244765e-02 6.051804834462554936e+02 2.042588415360078943e+04
-4.406917180604234090e+03 3.232130662926850164e+03 0.000000000000000000e+00 2.891069797743686998e+00 8.541820247703920899e+00 0.000000000000000000e+00 -1.642607052497686120e+06 8.000000000000000444e-01 9.834059475851928411e-01 2.592033458632424292e+00 3.824497933838864605e-01 3.168943827643033728e+02 2.052769770795793193e+03
1.006738976738124802e+04 -1.569331854117382863e+04 0.000000000000000000e+00 5.662559976086099844e+00 -1.666872204969467308e+00 0.000000000000000000e+00 -1.425092876596165879e+05 8.000000000000000444e-01 2.224477766616642094e-01 1.704461328245511886e+00 1.498845776863026551e-02 6.842975787454461170e+02 2.044206217335117617e+04
2.130596632495217818e+03 2.010637141988368967e+04 0.000000000000000000e+00 5.368684957650348366e+00 3.443193670889051372e+00 0.000000000000000000e+00 -1.837619761926635110e+05 8.100000000000000533e-01 1.373341796835975570e+00 1.804068351370847090e+00 7.618932731132087577e-01 6.878316993241587625e+02 1.410505835174904178e+03
6.411488801196002896e+03 2.243858662248926339e+04 0.000000000000000000e+00 5.108230545288199309e+00 2.727721842725444379e+00 0.000000000000000000e+00 -1.800117317805683415e+05 8.100000000000000533e-01 6.174517821145036889e-01 1.625207589324731750e+00 5.566840365317935607e-03 7.186492406830193431e+02 4.686810283859462288e+03
1.116480524095285364e+04 -1.613258729223316914e+04 0.000000000000000000e+00 5.554038481916623304e+00 -1.558293110673123039e+00 0.000000000000000000e+00 -1.425092876596165879e+05 8.100000000000000533e-01 2.228860201796006857e-01 1.664097034707607392e+00 1.129377593734823791e-02 7.640498579904442522e+02 2.045896829421629445e+04
2.569705214349556627e+03 1.528901613881056437e+04 0.000000000000000000e+00 3.887220192684861075e+00 4.949348740800841639e+00 0.000000000000000000e+00 -1.616355341613020049e+06 8.200000000000000622e-01 1.098987035125569278e+00 1.771921641640915368e+00 4.886911909474055959e-01 2.384385881509388128e+02 4.306682279258948256e+02
2.972910252036503152e+03 2.037339723578001576e+04 0.000000000000000000e+00 5.347942176127199687e+00 3.302461775599981220e+00 0.000000000000000000e+00 -1.837619761926635110e+05 8.200000000000000622e-01 1.369703602486915583e+00 1.775636169330945258e+00 7.552774399790914694e-01 5.259196608500315051e+02 1.307210318384745278e+03
7.227515697623481174e+03 2.260635277175866577e+04 0.000000000000000000e+00 5.080710138697154932e+00 2.630713835202308726e+00 0.000000000000000000e+00 -1.800117317805683415e+05 8.200000000000000622e-01 6.174614364943606937e-01 1.603575029536388641e+00 2.555700061014134009e-03 5.594626611341582247e+02 4.672890679917167290e+03
3.821966248012739015e+03 2.062494968646997950e+04 0.000000000000000000e+00 5.323202314499411614e+00 3.168066277537403330e+00 0.000000000000000000e+00 -1.837619761926635110e+05 8.300000000000000711e-01 1.366074287113336450e+00 1.747679654215531286e+00 7.486755760518007952e-01 3.655646196274565227e+02 1.209574786262485304e+03
4.677088741887760989e+03 2.086130311388056725e+04 0.000000000000000000e+00 5.295025207589295846e+00 3.039858058550071185e+00 0.000000000000000000e+00 -1.837619761926635110e+05 8.399999999999999689e-01 1.362206615320240566e+00 1.720234657067609696e+00 7.418404911495161125e-01 2.067760752270478406e+02 1.118390805558860166e+03
-2.530938443380685385e+03 -9.638950690823889090e+03 0.000000000000000000e+00 7.036165708568989707e+00 -4.366670523075509180e+00 0.000000000000000000e+00 -1.462595320717117866e+05 8.499999999999999778e-01 2.747140339335366055e-01 2.404399645140783193e+00 3.475291418057253195e-02 2.532787139366273550e+02 1.679691469988503741e+04
-1.077486487456464147e+03 -1.060125109726764640e+04 0.000000000000000000e+00 6.886802133103755885e+00 -3.799281527401170422e+00 0.000000000000000000e+00 -1.462595320717117866e+05 8.599999999999999867e-01 2.751068693040761848e-01 2.281372418536583346e+00 3.106146716329432136e-02 3.341137755087593177e+02 1.678706366612366764e+04
3.432333706612303104e+02 -1.145975738607938183e+04 0.000000000000000000e+00 6.719569275752212079e+00 -3.345553300287619880e+00 0.000000000000000000e+00 -1.462595320717117866e+05 8.699999999999999956e-01 2.755973819328320085e-01 2.174975077423439984e+00 2.747074217933452231e-02 4.156376711819584671e+02 1.677824067825351813e+04
1.729670531537656188e+03 -1.223554691487186574e+04 0.000000000000000000e+00 6.549292723077705602e+00 -2.976929471190510323e+00 0.000000000000000000e+00 -1.462595320717117866e+05 8.800000000000000044e-01 2.759956080878965823e-01 2.082247268095771986e+00 2.379068116574807254e-02 4.978555957912176382e+02 1.677045418534125201e+04
3.082415959365587696e+03 -1.294437372245583538e+04 0.000000000000000000e+00 6.383129415443059784e+00 -2.672817201060405434e+00 0.000000000000000000e+00 -1.462595320717117866e+05 8.900000000000000133e-01 2.764903820017950431e-01 2.000722567011775865e+00 2.021013066407865641e-02 5.807728110926245790e+02 1.676371255136122636e+04
4.403034715317916380e+03 -1.359818496544758273e+04 0.000000000000000000e+00 6.224342799873799237e+00 -2.418352662122319696e+00 0.000000000000000000e+00 -1.462595320717117866e+05 9.000000000000000222e-01 2.769874050072648752e-01 1.928421064226247594e+00 1.663475595511120994e-02 6.643946471910403488e+02 1.675802405135162917e+04
5.693481387320934118e+03 -1.420618580742866834e+04 0.000000000000000000e+00 6.074206860776095951e+00 -2.202695532906018272e+00 0.000000000000000000e+00 -1.462595320717117866e+05 9.100000000000000311e-01 2.773935078609223170e-01 1.863770958741755912e+00 1.297138170433063606e-02 7.487265041194286823e+02 1.675339686761799385e+04
-9.886066901159751069e+03 -1.912513267923688090e+03 0.000000000000000000e+00 4.706499749088766116e+00 -9.808564305704884134e+00 0.000000000000000000e+00 -1.500097764838069561e+05 9.300000000000000488e-01 3.554802815615294431e-01 3.165690310702451882e+00 7.274502598475078574e-02 2.047479308666988800e+02 1.271106690281629380e+04
-8.672413778771857324e+03 -4.114404084834397509e+03 0.000000000000000000e+00 6.050115472632288771e+00 -8.436773156065909163e+00 0.000000000000000000e+00 -1.500097764838069561e+05 9.400000000000000577e-01 3.560192342292065049e-01 3.019358415204899337e+00 6.925771948855793947e-02 2.896277503742003319e+02 1.271741976978752791e+04
5.888324948189729184e+03 1.913310004723336169e+04 0.000000000000000000e+00 3.990561382271046398e+00 4.661770973901750992e+00 0.000000000000000000e+00 -1.286333833348644665e+06 9.500000000000000666e-01 1.037818216180872666e+00 1.715541018493049741e+00 3.519224003071721452e-01 7.655147569704076886e+02 2.229445985441313951e+03
-7.225772430887359405e+03 -5.988037465559842531e+03 0.000000000000000000e+00 6.732671274037381082e+00 -7.060468190542889211e+00 0.000000000000000000e+00 -1.500097764838069561e+05 9.500000000000000666e-01 3.565598498043534570e-01 2.834955687146549330e+00 6.577584073112641150e-02 3.752693748778829104e+02 1.272520758034128630e+04
-2.448721493217400621e+03 2.836885761718051072e+03 0.000000000000000000e+00 1.438036821003489507e+00 9.778698872310341628e+00 0.000000000000000000e+00 -1.282583588936549379e+06 9.599999999999999645e-01 1.043901049331007691e+00 2.842221525501028800e+00 3.562858380489424270e-01 5.141506400964699424e+02 2.290561362525598724e+03
-5.676270894454142763e+03 -7.566814094878643118e+03 0.000000000000000000e+00 6.982373926475505144e+00 -5.898877452382902398e+00 0.000000000000000000e+00 -1.500097764838069561e+05 9.599999999999999645e-01 3.569932763562039812e-01 2.653359763301266661e+00 6.219044529800552695e-02 4.616787928104522507e+02 1.273443817103680522e+04
2.406027793003004717e+03 1.330931378462732573e+04 0.000000000000000000e+00 4.120198836069246973e+00 6.020351772933381973e+00 0.000000000000000000e+00 -1.275083100112359039e+06 9.699999999999999734e-01 1.050052369751334425e+00 2.066799798918394160e+00 3.606994715333317059e-01 2.665002712474934015e+02 2.356985964541627254e+03
-4.099378774123347284e+03 -8.908461302554827853e+03 0.000000000000000000e+00 6.999685783939193939e+00 -4.978054014787227644e+00 0.000000000000000000e+00 -1.500097764838069561e+05 9.699999999999999734e-01 3.575375771870891728e-01 2.490411909831252935e+00 5.871950672253110903e-02 5.488620646623558059e+02 1.274511903163350144e+04
-2.532945065519993932e+03 -1.006600638488083860e+04 0.000000000000000000e+00 6.903911168069132742e+00 -4.257931089221968612e+00 0.000000000000000000e+00 -1.500097764838069561e+05 9.799999999999999822e-01 3.579762066666186682e-01 2.348861869703843475e+00 5.514643950572546000e-02 6.368253365392347405e+02 1.275725730010839106e+04
-9.942652133136193697e+02 -1.108093540336843944e+04 0.000000000000000000e+00 6.757553539094357298e+00 -3.691076248996396636e+00 0.000000000000000000e+00 -1.500097764838069561e+05 9.899999999999999911e-01 3.585245661357524538e-01 2.226779501713373577e+00 5.168661764505292494e-02 7.255748374229542605e+02 1.277085975822682303e+04
8.077087722531035979e+03 -1.388009979271106022e+04 0.000000000000000000e+00 6.003286380327684135e+00 -1.786739220607204359e+00 0.000000000000000000e+00 -1.500097764838069561e+05 1.000000000000000000e+00 4.902659880904753353e-01 1.799059365550280454e+00 1.709590613729645436e-01 2.194769202422821763e+02 8.807870213740712643e+03
9.397643993969410076e+03 -1.439789593151964255e+04 0.000000000000000000e+00 5.852081467192944864e+00 -1.628446202543503807e+00 0.000000000000000000e+00 -1.500097764838069561e+05 1.010000000000000009e+00 4.907693947158906500e-01 1.742173162574056633e+00 1.675053794559587805e-01 3.088410472730047331e+02 8.837439583616285745e+03
1.068907361016358846e+04 -1.488668532358990342e+04 0.000000000000000000e+00 5.712024623910559207e+00 -1.491736291684951254e+00 0.000000000000000000e+00 -1.500097764838069561e+05 1.020000000000000018e+00 4.911380256489097929e-01 1.690654694188230778e+00 1.639202254859672414e-01 3.990452555468909850e+02 8.869071694323518386e+03
6.769591208231076962e+02 1.987996381302569353e+04 0.000000000000000000e+00 5.293747215221223712e+00 3.785661791620765548e+00 0.000000000000000000e+00 -1.987629538410442183e+05 1.030000000000000027e+00 1.254154290144914974e+00 1.831224588774692741e+00 5.263357463975405492e-01 7.657609557271707672e+02 1.428288418098397869e+03
1.195382630954737215e+04 -1.535064204154893741e+04 0.000000000000000000e+00 5.581978012724319704e+00 -1.372512963441435030e+00 0.000000000000000000e+00 -1.500097764838069561e+05 1.030000000000000027e+00 4.916453053162678222e-01 1.643679210938586266e+00 1.604770357008173942e-01 4.900964024248478381e+02 8.902763495152266842e+03
1.545915909321081926e+03 2.017793413916902136e+04 0.000000000000000000e+00 5.286624959098165988e+00 3.627621376393780572e+00 0.000000000000000000e+00 -1.987629538410442183e+05 1.040000000000000036e+00 1.250739086111416043e+00 1.801479012670968771e+00 5.202421223189307442e-01 5.809649896797600377e+02 1.544408525089042541e+03
-1.029973567222812380e+04 -1.821135021765967394e+03 0.000000000000000000e+00 4.455096569457909439e+00 -9.628817274274398486e+00 0.000000000000000000e+00 -1.537600208959021256e+05 1.040000000000000036e+00 4.921986460416939990e-01 3.082711667739324035e+00 1.570391655198494774e-01 5.820014384445112228e+02 8.938510902645939495e+03
2.426176451002140311e+03 2.045965857621631585e+04 0.000000000000000000e+00 5.273544573520235090e+00 3.475738295864179150e+00 0.000000000000000000e+00 -1.987629538410442183e+05 1.050000000000000044e+00 1.247119971227855340e+00 1.771964753166539452e+00 5.139509606220353799e-01 3.982090768475309233e+02 1.665799599761564423e+03
-9.056887586309107064e+03 -4.154334757030530454e+03 0.000000000000000000e+00 5.824653091441103214e+00 -8.329012214061556563e+00 0.000000000000000000e+00 -1.537600208959021256e+05 1.050000000000000044e+00 4.925826081897884956e-01 2.951377610342140301e+00 1.534713436253165031e-01 6.747674179048253791e+02 8.976308827181439483e+03
3.316824384961340002e+03 2.072513154940767708e+04 0.000000000000000000e+00 5.255216436453165940e+00 3.330092547601738673e+00 0.000000000000000000e+00 -1.987629538410442183e+05 1.060000000000000053e+00 1.243720773415530667e+00 1.742764028675140686e+00 5.078861536517353947e-01 2.175056176692523877e+02 1.791867843550143107e+03
2.018983107122128786e+03 -1.168354764939789857e+04 0.000000000000000000e+00 6.679226433970766763e+00 -2.839934213008611597e+00 0.000000000000000000e+00 -1.537600208959021256e+05 1.060000000000000053e+00 7.548991952876634715e-01 2.091854007540385751e+00 4.050528225432040719e-01 2.903572155548008595e+02 5.184059491276757399e+03
-7.554061396479281029e+03 -6.146785869793598977e+03 0.000000000000000000e+00 6.546477334898563427e+00 -6.981504727461567583e+00 0.000000000000000000e+00 -1.537600208959021256e+05 1.060000000000000053e+00 4.931032707553295591e-01 2.776429485376739059e+00 1.500442136037036522e-01 7.684014864658411170e+02 9.016151202054317764e+03
3.575966262424074557e+03 -1.244833375797724329e+04 0.000000000000000000e+00 6.474346256577520720e+00 -2.492555282996546495e+00 0.000000000000000000e+00 -1.537600208959021256e+05 1.070000000000000062e+00 7.549406441865205153e-01 1.996206789573457208e+00 4.011982285336438414e-01 3.846126102615326090e+02 5.251874104950254150e+03
-1.703852676117755664e+03 9.200588555858166728e+03 0.000000000000000000e+00 2.941053993104371322e+00 8.419756595287761769e+00 0.000000000000000000e+00 -1.057568924210838974e+06 1.080000000000000071e+00 1.085497254334625072e+00 2.549896612975662613e+00 3.332289972019286117e-01 6.396034254725873325e+02 2.493024875675859221e+03
5.088095255444923168e+03 -1.314317740466993200e+04 0.000000000000000000e+00 6.281987331193271018e+00 -2.210461873086360551e+00 0.000000000000000000e+00 -1.537600208959021256e+05 1.080000000000000071e+00 7.547923781583447678e-01 1.912982388488333463e+00 3.971576350507890485e-01 4.797909684617297899e+02 5.322657237944242297e+03
-2.492648919592054881e+03 4.172733703402491301e+03 0.000000000000000000e+00 6.862255240139001344e-01 1.029806374513401934e+01 0.000000000000000000e+00 -1.053818679798743920e+06 1.090000000000000080e+00 1.092383239990953658e+00 2.968048783981587668e+00 3.386768741001982552e-01 3.691136165035659360e+02 2.365704030716164652e+03
4.751230557213118118e+03 2.360858328650647672e+04 0.000000000000000000e+00 4.847531731528620824e+00 3.178154105553952391e+00 0.000000000000000000e+00 -2.287649091378056037e+05 1.090000000000000080e+00 1.268216499311287215e+00 1.609936357664723872e+00 5.107927035641726121e-01 6.323831250156117676e+02 9.810983291096936227e+02
-7.947248678212231425e+03 -4.696602777616721141e+03 0.000000000000000000e+00 6.568404442141385857e+00 -7.857546405304226766e+00 0.000000000000000000e+00 -1.575102653079973243e+05 1.090000000000000080e+00 1.430016197677000278e+00 2.972727281362546492e+00 1.063270221445948183e+00 2.135259027694983160e+02 1.933459711305750943e+03
6.558893968782826960e+03 -1.378148999198428464e+04 0.000000000000000000e+00 6.103203620556283404e+00 -1.977397955983586364e+00 0.000000000000000000e+00 -1.537600208959021256e+05 1.090000000000000080e+00 7.548334444485070849e-01 1.839758856169529722e+00 3.933100788816914495e-01 5.759000972037183601e+02 5.396341996174577616e+03
-6.213529436521477692e+03 -6.625711833398266208e+03 0.000000000000000000e+00 7.083006911510427273e+00 -6.348584418644787064e+00 0.000000000000000000e+00 -1.575102653079973243e+05 1.100000000000000089e+00 1.426231401400944954e+00 2.757310901805845482e+00 1.055639587334142204e+00 3.110274593598369393e+02 2.070720957437734796e+03
7.991856080817560724e+03 -1.437337188913666978e+04 0.000000000000000000e+00 5.937662808712529383e+00 -1.781916242747050738e+00 0.000000000000000000e+00 -1.537600208959021256e+05 1.100000000000000089e+00 7.548743484012582217e-01 1.774687654661153857e+00 3.894660526950809998e-01 6.729479225489458258e+02 5.472860727187360681e+03
-4.409417074591279743e+03 -8.207945637080649249e+03 0.000000000000000000e+00 7.173708724662311909e+00 -5.165970693873034314e+00 0.000000000000000000e+00 -1.575102653079973243e+05 1.110000000000000098e+00 1.422746945531334628e+00 2.558614005868556696e+00 1.048313821742833163e+00 4.095211458923822647e+02 2.210987905295703968e+03
9.390248101545816098e+03 -1.492658278313235132e+04 0.000000000000000000e+00 5.784466754992037885e+00 -1.615782074785335087e+00 0.000000000000000000e+00 -1.537600208959021256e+05 1.110000000000000098e+00 7.547274422683812878e-01 1.716344358834246187e+00 3.854379080817456060e-01 7.709424782078385761e+02 5.466426356584311179e+03
-2.610728739515641792e+03 -9.528581787653816718e+03 0.000000000000000000e+00 7.072847670805288089e+00 -4.275122386189536883e+00 0.000000000000000000e+00 -1.575102653079973243e+05 1.120000000000000107e+00 1.419268233183311301e+00 2.387884931138839484e+00 1.040998275733940881e+00 5.090155323994858918e+02 2.353922179105319174e+03
-8.490233543224167079e+02 -1.065489738395029235e+04 0.000000000000000000e+00 6.895309478015750670e+00 -3.601772370520815336e+00 0.000000000000000000e+00 -1.575102653079973243e+05 1.130000000000000115e+00 1.415795364134157186e+00 2.243667572431384372e+00 1.033692932708367707e+00 6.095193149188471580e+02 2.499229863345698050e+03
8.646308819185751418e+02 -1.163516187804509718e+04 0.000000000000000000e+00 6.693209147109718593e+00 -3.083787526420969538e+00 0.000000000000000000e+00 -1.575102653079973243e+05 1.140000000000000124e+00 1.412037604572818905e+00 2.121521259226547329e+00 1.026106973333827499e+00 7.110413163173270732e+02 2.646655883197588082e+03
-5.849525287758105151e+03 -6.970412276309647496e+03 0.000000000000000000e+00 7.160422692294754476e+00 -5.964009765268314389e+00 0.000000000000000000e+00 -1.650107541321876633e+05 1.159999999999999920e+00 7.349783284809706663e-01 2.698275771222808039e+00 3.357017132278951044e-01 5.112432808443181784e+02 1.304213597665333509e+03
-3.521625328312439706e+03 7.954423837110858585e+03 0.000000000000000000e+00 1.815833783931458001e+00 9.462553637196171152e+00 0.000000000000000000e+00 -9.000586589028416201e+05 1.179999999999999938e+00 1.121299774033033270e+00 2.761009308811207319e+00 3.158116946821298288e-01 6.982152361041717086e+02 1.337101176833453792e+03
-1.383940137072972902e+03 1.320590266168211019e+04 0.000000000000000000e+00 3.689558101323187955e+00 7.528043999978240919e+00 0.000000000000000000e+00 -8.963084144907465670e+05 1.189999999999999947e+00 1.128998258314479752e+00 2.386506405385564022e+00 3.222563371387026643e-01 4.126921521770909749e+02 1.253601468599429154e+03
2.504946702665080011e+03 2.169481213252989619e+04 0.000000000000000000e+00 5.059648160680236373e+00 3.471511903933699905e+00 0.000000000000000000e+00 -2.137639314894248964e+05 1.199999999999999956e+00 1.154738031485797123e+00 1.707663231512986712e+00 3.383342426732359187e-01 7.288774072620008155e+02 1.771969499616967141e+03
3.370704095374741883e+03 2.191496132194963502e+04 0.000000000000000000e+00 5.053245847403790236e+00 3.341722811601756327e+00 0.000000000000000000e+00 -2.137639314894248964e+05 1.209999999999999964e+00 1.151497129222700755e+00 1.683404979946510949e+00 3.327085667914468359e-01 5.231349266328425074e+02 1.667941691268988734e+03
4.249399192393421799e+03 2.212282222204236677e+04 0.000000000000000000e+00 5.042175082852914159e+00 3.215542000157105118e+00 0.000000000000000000e+00 -2.137639314894248964e+05 1.219999999999999973e+00 1.148084019010711554e+00 1.659053257571724949e+00 3.269184663243683842e-01 3.199726210596845704e+02 1.572628503882707264e+03
-7.801052398206002181e+02 1.749359861387102501e+04 0.000000000000000000e+00 4.070741797690091701e+00 6.299121088564826110e+00 0.000000000000000000e+00 -7.800508377157961950e+05 1.270000000000000018e+00 1.158086844898931878e+00 2.117299667223739412e+00 3.069735285100295141e-01 5.875932233500807342e+02 9.410653354589198898e+02
5.711724232502975610e+03 2.471387819768823101e+04 0.000000000000000000e+00 4.227811225541570295e+00 4.304551680093274157e+00 0.000000000000000000e+00 -7.763005933037010254e+05 1.280000000000000027e+00 1.166714367513943085e+00 1.669509157691240198e+00 3.145250590223412912e-01 2.934114615774269623e+02 9.667709257213238061e+02
-7.104392338584019853e+03 -9.772475523585213523e+03 0.000000000000000000e+00 4.306340080782138813e+00 -6.561027354787845489e+00 0.000000000000000000e+00 -2.576417911109384615e+06 1.330000000000000071e+00 5.627408830324388544e-01 2.253434580413670396e+00 7.537200151104228585e-02 6.042507591751400469e+02 9.125145481939247475e+03
-1.037829880825801774e+04 6.425717317683322108e+03 0.000000000000000000e+00 2.497001104255021087e+00 9.866889809579845405e+00 0.000000000000000000e+00 -2.325151535499007732e+05 1.330000000000000071e+00 1.069741812020981397e+00 2.923405752650992895e+00 1.863822161914435727e-01 6.452583214677251817e+02 1.343632440688842735e+03
-8.069851726397664606e+03 -7.303351239726122003e+03 0.000000000000000000e+00 4.041654610676824966e+00 -7.432727585574156137e+00 0.000000000000000000e+00 -2.598919377581955399e+06 1.340000000000000080e+00 8.224220353011251206e-01 2.435203642733010376e+00 3.266910070658169962e-01 3.856641952748204858e+02 5.222692632281539773e+03
-4.624828487966638932e+03 1.269671291297785319e+04 0.000000000000000000e+00 3.216521536900045497e+00 8.184989362029154947e+00 0.000000000000000000e+00 -6.900449718255118933e+05 1.340000000000000080e+00 1.185566820130057542e+00 2.505112851049257294e+00 2.964652683859329008e-01 6.812284939071923873e+02 1.374376840406971951e+03
-9.924876854176114648e+03 7.181745101636853178e+03 0.000000000000000000e+00 3.057584395621435469e+00 9.687104195694733022e+00 0.000000000000000000e+00 -2.325151535499007732e+05 1.340000000000000080e+00 1.066491090536733521e+00 2.917429814356323092e+00 1.810296688721318992e-01 4.204325236310714899e+02 1.413303320091020169e+03
-1.031305586276925351e+04 3.082168250990777324e+03 0.000000000000000000e+00 -1.130660884344811379e+00 -1.081776025715659628e+01 0.000000000000000000e+00 -2.613920355230336078e+06 1.350000000000000089e+00 1.439547956889467129e+00 3.150020582274875913e+00 9.369107443352918674e-01 2.706346158460519291e+02 1.455640373610082634e+03
3.856772274122508861e+03 2.430273760696598038e+04 0.000000000000000000e+00 4.268131671114794301e+00 4.457480791722233882e+00 0.000000000000000000e+00 -6.862947274134168401e+05 1.350000000000000089e+00 1.195075848621884429e+00 1.708606016868605693e+00 3.050199976119505330e-01 3.764929167683840205e+02 1.487533595721115717e+03
2.717577568916362907e+03 2.484093457551683969e+04 0.000000000000000000e+00 4.211529261213118325e+00 4.422878611451991127e+00 0.000000000000000000e+00 -6.150400835836085025e+05 1.400000000000000133e+00 1.209757399977936299e+00 1.685879595741818449e+00 2.886285640578629685e-01 7.259414386034113704e+02 2.147984611739393586e+03
-8.424516133852419443e+03 -8.982407390679385571e+03 0.000000000000000000e+00 3.351487811393293104e+00 -9.546051913140857437e+00 0.000000000000000000e+00 -1.995130027234632522e+06 1.409999999999999920e+00 7.980672450702817056e-01 2.922999367699627982e+00 2.630241988641566775e-01 2.113534677057323279e+02 4.657211202474995844e+03
-3.577641909883975131e+03 -1.712243107916157169e+04 0.000000000000000000e+00 5.147191114059970651e+00 -5.663306477576779407e+00 0.000000000000000000e+00 -2.010131004883013200e+06 1.409999999999999920e+00 1.426918786748958778e+00 2.188840184116964238e+00 8.944556415783121439e-01 3.903680169693225253e+02 2.237447973140220711e+03
-2.644527020898275623e+03 1.745722397349582388e+04 0.000000000000000000e+00 4.208187862608971486e+00 6.407591804022712445e+00 0.000000000000000000e+00 -6.150400835836085025e+05 1.409999999999999920e+00 1.220239108077074031e+00 2.162754694660876886e+00 2.981964050746997441e-01 4.133459306471850141e+02 2.303111334118369086e+03
5.535748826785011261e+03 -2.517690407533217513e+04 0.000000000000000000e+00 4.750622911968281237e+00 -3.409157900024783139e+00 0.000000000000000000e+00 -1.980129049586251844e+06 1.419999999999999929e+00 8.026251524082003153e-01 1.644384108059062655e+00 2.653401364692781206e-01 4.213848304057437417e+02 4.594397952380460993e+03
-9.004890562977318041e+03 -8.623076069134234785e+03 0.000000000000000000e+00 2.951620848705374112e+00 -9.536975532176985126e+00 0.000000000000000000e+00 -1.998880271646727575e+06 1.419999999999999929e+00 1.434321215921927406e+00 2.883332126689585273e+00 8.995698515033557774e-01 6.000959597571427366e+02 2.384822221417354740e+03
-1.684766406102577093e+03 1.949100728495801377e+04 0.000000000000000000e+00 5.033240169549396903e+00 4.499968999405290937e+00 0.000000000000000000e+00 -2.475161311982814805e+05 1.419999999999999929e+00 9.975102250416911787e-01 1.884603473903606385e+00 6.550116695984953274e-02 7.523977381756549221e+02 2.348003794463349095e+03
-5.631804509778312422e+03 -1.432827898481434386e+04 0.000000000000000000e+00 4.786497275853871969e+00 -7.089411069505326068e+00 0.000000000000000000e+00 -1.950127094289490255e+06 1.429999999999999938e+00 5.476404227854415607e-01 2.457408533275929230e+00 4.693924537546562310e-03 3.926932116876041619e+02 8.702284716156433205e+03
1.924113322923096348e+03 -2.290022239497051487e+04 0.000000000000000000e+00 4.876594577762163318e+00 -4.057587349907683105e+00 0.000000000000000000e+00 -1.968878316349966219e+06 1.429999999999999938e+00 8.072066217121076637e-01 1.794635751262945611e+00 2.677025094620029133e-01 6.358019029491242691e+02 4.536741916370986473e+03
-9.576651063981626066e+02 1.967033801927816967e+04 0.000000000000000000e+00 5.076261688130204064e+00 4.362519475258731738e+00 0.000000000000000000e+00 -2.475161311982814805e+05 1.429999999999999938e+00 9.945319040138209665e-01 1.866514676955556062e+00 6.067396200843611781e-02 5.072537022430142315e+02 2.500913341906680216e+03
-6.571373988237885897e+03 -1.322750113499195686e+04 0.000000000000000000e+00 4.414201710039285409e+00 -7.652933269437591335e+00 0.000000000000000000e+00 -1.938876361053204630e+06 1.439999999999999947e+00 5.508983055659434358e-01 2.541079974987295209e+00 5.792185345610978246e-03 6.114616062461336696e+02 8.676126768429787262e+03
-2.063725879978192097e+02 1.984913852851364572e+04 0.000000000000000000e+00 5.111926406105982146e+00 4.221954244716997984e+00 0.000000000000000000e+00 -2.475161311982814805e+05 1.439999999999999947e+00 9.914344723152183070e-01 1.846858214140907783e+00 5.573817213326955761e-02 2.658430067350054742e+02 2.658745863716129406e+03
2.151376308017538122e+03 2.483579377415881754e+04 0.000000000000000000e+00 4.248586977135921927e+00 4.373611443943509869e+00 0.000000000000000000e+00 -5.550361729900857899e+05 1.449999999999999956e+00 1.228788751709930516e+00 1.680311233283856787e+00 2.811755996837822513e-01 7.462707956571211980e+02 1.767207393221126040e+03
-1.907868299023776444e+03 1.940761010782391531e+04 0.000000000000000000e+00 4.365001576330270971e+00 5.718269051668956493e+00 0.000000000000000000e+00 -5.550361729900857899e+05 1.459999999999999964e+00 1.240178870246623655e+00 2.017225693811461440e+00 2.917275819662046854e-01 4.281351161816392050e+02 1.583513825691383090e+03
-4.789235714472742984e+03 1.667527482227356086e+04 0.000000000000000000e+00 4.099450635400485154e+00 6.630463410615337061e+00 0.000000000000000000e+00 -5.062829956328484695e+05 1.489999999999999991e+00 1.240461564466835531e+00 2.198685304826709874e+00 2.716590326649247489e-01 7.614977250258061758e+02 1.031047116680563704e+03
-7.342348008521354132e+03 1.015217345753237532e+04 0.000000000000000000e+00 2.602652575971208471e+00 9.255588401856313041e+00 0.000000000000000000e+00 -5.062829956328484695e+05 1.500000000000000000e+00 1.252754183792289533e+00 2.746877759724237755e+00 2.831574960658420070e-01 4.399031788948905159e+02 8.491704705205814889e+02
4.892925498579526902e+03 -1.277397934079628249e+04 0.000000000000000000e+00 6.277438915627124416e+00 -2.300386441559986395e+00 0.000000000000000000e+00 -1.687609985442828329e+05 1.510000000000000009e+00 7.300864129907701505e-01 1.896826066918489317e+00 1.426087909044324586e-01 2.210526741748053610e+02 5.619757634042439349e+03
-2.701412091580049491e+03 -1.918040032417650946e+04 0.000000000000000000e+00 3.068153556411918892e+00 -4.854885442437923970e+00 0.000000000000000000e+00 -2.767680376126238145e+06 1.520000000000000018e+00 6.024189441099060405e-01 1.610891892058969432e+00 1.603492453147285779e-02 6.666281252809403668e+02 1.277474134087343009e+04
-4.217311498910306909e+03 -8.021721018448771247e+03 0.000000000000000000e+00 7.135017000436394419e+00 -5.190302970976476971e+00 0.000000000000000000e+00 -1.725112429563779733e+05 1.520000000000000018e+00 1.257145023494576463e+00 2.536302145554936160e+00 6.645548449400029423e-01 2.323293991384498440e+02 2.154104719163592108e+03
6.811323647630436426e+03 -1.362901038120638805e+04 0.000000000000000000e+00 6.039844051883676457e+00 -1.991362588785650534e+00 0.000000000000000000e+00 -1.687609985442828329e+05 1.520000000000000018e+00 7.301235678030533194e-01 1.797965882468781196e+00 1.391728448442130228e-01 3.447037952019927616e+02 5.601893634998721609e+03
-1.896509770238890269e+03 -9.709942349417000514e+03 0.000000000000000000e+00 6.973984233580732273e+00 -4.076942067710463746e+00 0.000000000000000000e+00 -1.725112429563779733e+05 1.530000000000000027e+00 1.253671390954515186e+00 2.313872280726788411e+00 6.576622789778288070e-01 3.601449953794362955e+02 2.050618069879930317e+03
8.663823961463138403e+03 -1.440557208361868470e+04 0.000000000000000000e+00 5.825709458046445022e+00 -1.745843449607448639e+00 0.000000000000000000e+00 -1.687609985442828329e+05 1.530000000000000027e+00 7.300156904704175886e-01 1.713320128763055727e+00 1.355979751429515490e-01 4.699503941409620893e+02 5.589955341607397713e+03
4.221743702409780781e+03 2.636801741055093589e+04 0.000000000000000000e+00 4.274736906730806751e+00 3.877017996924197796e+00 0.000000000000000000e+00 -4.912820179844677914e+05 1.540000000000000036e+00 1.024698001194527475e+00 1.574294503829979597e+00 3.543740163171377189e-02 3.492093483322496468e+02 1.322506788539008539e+03
3.512603567882342759e+02 -1.109564991171995280e+04 0.000000000000000000e+00 6.719092190540365550e+00 -3.302777216423621987e+00 0.000000000000000000e+00 -1.725112429563779733e+05 1.540000000000000036e+00 1.250443394420634124e+00 2.136580602591004130e+00 6.510223926023632757e-01 4.896543783464885564e+02 1.959236512372953030e+03
1.045788551130889027e+04 -1.512026029465917236e+04 0.000000000000000000e+00 5.632582984649117108e+00 -1.546340352332577606e+00 0.000000000000000000e+00 -1.687609985442828329e+05 1.540000000000000036e+00 7.300521839837320615e-01 1.639721653676677882e+00 1.321735988705642073e-01 5.968099361736994979e+02 5.584039526532185846e+03
2.512794583809081814e+03 -1.227137599580037931e+04 0.000000000000000000e+00 6.451505789372850685e+00 -2.744813422445952611e+00 0.000000000000000000e+00 -1.725112429563779733e+05 1.550000000000000044e+00 1.247219142038828554e+00 1.993301837595335968e+00 6.443931729940221009e-01 6.208763715196018893e+02 1.881225812141296956e+03
-1.074495819248554108e+04 -6.970202517587486000e+02 0.000000000000000000e+00 3.611571406841160403e+00 -9.895899003184178255e+00 0.000000000000000000e+00 -1.725112429563779733e+05 1.550000000000000044e+00 7.299870515919573144e-01 3.042631621016232302e+00 1.286116121675094648e-01 7.253002055223041680e+02 5.584228270227712528e+03
4.590686756865128700e+03 -1.329586065344375311e+04 0.000000000000000000e+00 6.197619046248749264e+00 -2.327812946616231837e+00 0.000000000000000000e+00 -1.725112429563779733e+05 1.560000000000000053e+00 1.243759781167217193e+00 1.875132991061549070e+00 6.375356004800520893e-01 7.538301417705415588e+02 1.817806133332484706e+03
-4.337139668500412881e+02 -1.148337878870412169e+04 0.000000000000000000e+00 6.421834980883978083e+00 -3.808730255924219321e+00 0.000000000000000000e+00 -1.650107541321876633e+05 1.580000000000000071e+00 7.350581736979548975e-01 2.127697363635296490e+00 1.108120273379976373e-01 2.247948385807749219e+02 8.704948957628186690e+03
7.940530646597321720e+03 -2.228203150321199792e+04 0.000000000000000000e+00 4.966951560183296976e+00 -3.916575827851647595e+00 0.000000000000000000e+00 -1.507598253662259784e+06 1.600000000000000089e+00 8.772236409903334531e-01 1.781770547954185879e+00 2.452262589795345671e-01 4.163154068245075905e+02 4.539185454112762272e+03
-3.901667206820970478e+03 -4.358920615240880579e+03 0.000000000000000000e+00 2.970839881505416002e-01 -1.071785228528383982e+01 0.000000000000000000e+00 -1.515098742486450355e+06 1.600000000000000089e+00 1.566226484009568320e+00 3.101065260996766604e+00 9.344435224615088575e-01 4.330351416268576941e+02 1.667866090188571491e+02
1.080234174955029084e+04 -2.497885912769045535e+04 0.000000000000000000e+00 4.717415767467922905e+00 -3.388704749025414742e+00 0.000000000000000000e+00 -1.500097764838069677e+06 1.610000000000000098e+00 8.822023626028008270e-01 1.623962616450818963e+00 2.488463795975769666e-01 6.924419415380261853e+02 4.409996840593616071e+03
-2.924727265400445958e+03 -9.797139372019652001e+03 0.000000000000000000e+00 3.589322621917419021e+00 -8.878617869384788364e+00 0.000000000000000000e+00 -1.507598253662259784e+06 1.610000000000000098e+00 1.573170776042553731e+00 2.759487122741688836e+00 9.399713015481758749e-01 7.063909100852679330e+02 2.252837232293765908e+02
-1.914233216781289684e+03 -2.519271454289837493e+03 0.000000000000000000e+00 1.235319623931202981e+00 -1.074002823430095788e+01 0.000000000000000000e+00 -1.245081144815597683e+06 1.709999999999999964e+00 9.152171537994958639e-01 3.124787972883944498e+00 2.224994479429822369e-01 2.171064597375561789e+02 3.436624265452632699e+03
1.226222939256995596e+04 -2.107477528570465074e+04 0.000000000000000000e+00 4.894696529075803326e+00 -3.359138929046585620e+00 0.000000000000000000e+00 -1.237580655991407344e+06 1.719999999999999973e+00 9.207617643064447410e-01 1.658578466561828613e+00 2.271501776995638877e-01 5.237707015107953339e+02 3.385851430676038035e+03
-3.268198412107315562e+03 -1.068622118602137925e+04 0.000000000000000000e+00 6.169422640529699464e+00 -4.786524486338840312e+00 0.000000000000000000e+00 -1.725112429563779733e+05 1.739999999999999991e+00 1.525979526380883300e+00 2.223075513107105827e+00 8.236468630809384850e-01 6.517655231814196668e+02 1.404276328845884564e+03
-6.221540292034329468e+03 8.682622655937588206e+03 0.000000000000000000e+00 -6.669883828950214699e+00 -8.075268995146540618e+00 0.000000000000000000e+00 -2.925190641434235964e+06 1.760000000000000009e+00 8.032509401712307762e-01 3.017260517396225694e+00 9.166765239801069609e-02 7.428151942009299091e+02 1.157289994366548854e+04
-6.563701851420462845e+03 -6.772185226391165088e+03 0.000000000000000000e+00 6.502596535133483791e+00 -6.555013984466885546e+00 0.000000000000000000e+00 -1.762614873684731720e+05 1.780000000000000027e+00 1.350763353851716086e+00 2.647836835488565299e+00 6.251122017792456464e-01 4.893145145357502770e+02 2.666063541638509378e+03
3.655527882447067896e+03 -1.428620649426568525e+04 0.000000000000000000e+00 5.824992492810107336e+00 -2.927662403233737276e+00 0.000000000000000000e+00 -1.725112429563779733e+05 1.780000000000000027e+00 8.620616302625213612e-01 1.831115669543335933e+00 1.336966162552455650e-01 2.973574241566739147e+02 5.910907619060071738e+03
-6.998351106602225627e+03 -5.532106547520395907e+03 0.000000000000000000e+00 6.677550901733377842e+00 -7.082016025477280152e+00 0.000000000000000000e+00 -1.875122206047587097e+05 1.800000000000000044e+00 1.138016637638771478e+00 2.796298514012460323e+00 3.989276239224447407e-01 2.839989779331726822e+02 2.313994950418700228e+03
5.444632332826618040e+03 -1.291764798815184986e+04 0.000000000000000000e+00 5.424870779932454923e+00 -4.917053948059111335e+00 0.000000000000000000e+00 -1.057568924210838974e+06 1.810000000000000053e+00 9.531513082673511716e-01 2.076536534886149532e+00 2.107392967332455680e-01 4.200902674639128236e+02 3.443057360192188298e+03
-4.144520259816498765e+03 -8.265393304293284018e+03 0.000000000000000000e+00 6.949485161581773873e+00 -5.115323924534220801e+00 0.000000000000000000e+00 -1.875122206047587097e+05 1.810000000000000053e+00 1.134720079819383498e+00 2.466407797469426733e+00 3.926628923233893009e-01 4.447135590367997793e+02 2.288332050646376501e+03
9.127746534990283180e+03 -1.660275586715391546e+04 0.000000000000000000e+00 5.128007341239179340e+00 -3.829187483971027817e+00 0.000000000000000000e+00 -1.053818679798743920e+06 1.820000000000000062e+00 9.595019408646938697e-01 1.796286331271603309e+00 2.165404890119021208e-01 7.568841462266473172e+02 3.510766812404906432e+03
-1.301954267375048403e+03 -1.033526893523018953e+04 0.000000000000000000e+00 6.747334485418250871e+00 -3.859316649634714658e+00 0.000000000000000000e+00 -1.875122206047587097e+05 1.820000000000000062e+00 1.131625265050065998e+00 2.209252757631677611e+00 3.866112769258308601e-01 6.080754071253413713e+02 2.282916380459284937e+03
1.427490902439723868e+03 -1.198918738151953949e+04 0.000000000000000000e+00 6.442414107362971265e+00 -3.038728273696263305e+00 0.000000000000000000e+00 -1.875122206047587097e+05 1.830000000000000071e+00 1.128333080576574998e+00 2.012823991491812237e+00 3.803729947387262667e-01 7.741207198465126567e+02 2.298108672599649708e+03
8.467070449601533255e+01 -7.355604230292923603e+03 0.000000000000000000e+00 4.952710154872098869e+00 -6.694857911328227829e+00 0.000000000000000000e+00 -8.700567036060803803e+05 1.890000000000000124e+00 1.675921629979558958e+00 2.376810354320705976e+00 8.943413881362154427e-01 6.255104888954283524e+02 1.473037702459269212e+03
6.404373111149840042e+03 -1.250863964673129885e+04 0.000000000000000000e+00 5.502932954232453433e+00 -4.331870453373323215e+00 0.000000000000000000e+00 -9.225601253754127538e+05 1.890000000000000124e+00 9.861129953342261389e-01 1.976342348850642416e+00 2.015323877222853499e-01 4.129697673521204706e+02 2.735675710659451852e+03
-3.402922966445250495e+03 1.263268687755379233e+03 0.000000000000000000e+00 1.358976082989633127e+00 -1.033025445084385296e+01 0.000000000000000000e+00 -9.225601253754127538e+05 1.900000000000000133e+00 9.931850816874825405e-01 3.001818693851930675e+00 2.083485381926799829e-01 7.701709779688653725e+02 2.617962408969689022e+03
1.229652477364861988e+04 -1.565623208603566854e+04 0.000000000000000000e+00 5.161515924992648330e+00 -2.873472247397170332e+00 0.000000000000000000e+00 -8.175532818367477739e+05 1.959999999999999964e+00 1.018931221688473387e+00 1.636889511631948402e+00 1.974970321976139420e-01 4.103391179909049242e+02 2.226627730693141075e+03
5.455605240545241941e+03 -1.539350658746046247e+04 0.000000000000000000e+00 5.644088327263105498e+00 -2.523589485867271609e+00 0.000000000000000000e+00 -1.800117317805683415e+05 1.959999999999999964e+00 9.445100704946765013e-01 1.718698817144286295e+00 1.283717947820010030e-01 7.876172595164889572e+02 7.179095671487572872e+03
4.532407373415570873e+03 -1.123139644816791042e+04 0.000000000000000000e+00 5.526624502046394660e+00 -4.491716396071687711e+00 0.000000000000000000e+00 -8.175532818367477739e+05 1.969999999999999973e+00 1.026831692116396466e+00 2.008774734681796126e+00 2.054059273781833617e-01 7.865067478666915122e+02 2.238848854085500534e+03
1.047415957892172628e+04 -1.461527781445641085e+04 0.000000000000000000e+00 5.615006713243971603e+00 -1.572669859084476318e+00 0.000000000000000000e+00 -1.987629538410442183e+05 1.989999999999999991e+00 1.047540466039616813e+00 1.608482682965457933e+00 2.096346622979544105e-01 3.581567777749514789e+02 2.841254586991167798e+03
-9.923161649184614362e+03 -1.512457055555892566e+03 0.000000000000000000e+00 4.416205979490487543e+00 -9.559271691150890149e+00 0.000000000000000000e+00 -2.025131982531393878e+05 2.000000000000000000e+00 1.044391216682799772e+00 3.025874682772804469e+00 2.039460339464952698e-01 5.536652513495000676e+02 2.834444045977233145e+03
-7.062251467540221711e+03 -6.005084018604683479e+03 0.000000000000000000e+00 6.429977586865115669e+00 -6.796450798637049928e+00 0.000000000000000000e+00 -2.025131982531393878e+05 2.010000000000000231e+00 1.041374245713008406e+00 2.675927031828525315e+00 1.984388214363789482e-01 7.530333884037154348e+02 2.851499490703191896e+03
-5.396933186102434775e+03 -7.727745928811060367e+03 0.000000000000000000e+00 6.556593066280071547e+00 -5.891489328978567031e+00 0.000000000000000000e+00 -1.875122206047587097e+05 2.010000000000000231e+00 1.604056378343413636e+00 2.513263197810171157e+00 7.563158972914423295e-01 4.091890444336549990e+02 9.696091271066773061e+02
1.252362669752988768e+04 -1.516356943558785861e+04 0.000000000000000000e+00 5.190027329784244081e+00 -2.653574531436115880e+00 0.000000000000000000e+00 -7.350479047706540441e+05 2.020000000000000018e+00 1.050227872999183187e+00 1.608845459831282021e+00 1.965337277875176536e-01 3.598110049338174576e+02 2.617577849461232290e+03
-1.013436668370529878e+04 -6.478058714426906590e+02 0.000000000000000000e+00 3.713870289775926370e+00 -1.012547160688812298e+01 0.000000000000000000e+00 -1.950127094289490487e+05 2.020000000000000018e+00 1.245686635542152532e+00 3.100683638475864257e+00 3.913903913250922351e-01 3.176974905217011838e+02 4.552245274614540904e+03
7.390409664764465560e+03 -1.301116729806436524e+04 0.000000000000000000e+00 5.442845720429761336e+00 -3.503233499510781002e+00 0.000000000000000000e+00 -7.350479047706540441e+05 2.030000000000000249e+00 1.058698330479337590e+00 1.807294545322702284e+00 2.052436667980001295e-01 7.520385860888727620e+02 2.719059779981466818e+03
-1.082844993963905290e+04 6.538401979095997376e+02 0.000000000000000000e+00 2.450523698316936283e+00 -1.035879890739332332e+01 0.000000000000000000e+00 -1.912624650168538501e+05 2.030000000000000249e+00 1.165414390195060212e+00 3.058375456703085860e+00 3.093760735053644462e-01 5.667039818726416343e+02 3.936371027710797989e+03
1.208764725240120470e+03 -8.460219847921238397e+03 0.000000000000000000e+00 5.772915718053287293e+00 -5.109935743389707241e+00 0.000000000000000000e+00 -6.787942385892265011e+05 2.060000000000000053e+00 1.310589482381645965e+00 2.182241146366874496e+00 4.409482581097471376e-01 7.222796303872355566e+02 5.301265822899489649e+03
-5.515368093155540919e+03 3.594216506136766384e+03 0.000000000000000000e+00 1.322041474747417844e+00 -1.082725223190655761e+01 0.000000000000000000e+00 -6.712937497650361620e+05 2.069999999999999840e+00 1.077994343369124808e+00 3.139053649231469123e+00 1.959730804508804103e-01 2.176976936238561393e+02 1.809277262905415910e+03
1.131160830096012978e+04 -1.479088411034497040e+04 0.000000000000000000e+00 5.234362555254818972e+00 -2.650773379649555395e+00 0.000000000000000000e+00 -6.675435053529408760e+05 2.080000000000000071e+00 1.087210198691112462e+00 1.617308295179542554e+00 2.056474854355042348e-01 6.210249235906248941e+02 1.624887609292605248e+03
-6.045171551359658224e+03 2.147110542812943550e+03 0.000000000000000000e+00 2.619325911338172830e+00 -1.038093911438407879e+01 0.000000000000000000e+00 -6.150400835836085025e+05 2.120000000000000107e+00 1.110601021410089206e+00 3.077329723663435601e+00 2.042205775718600458e-01 3.531618178382022961e+02 1.094788868242974559e+03
1.125496482049010410e+03 -1.112157154354541308e+04 0.000000000000000000e+00 6.527170363829512212e+00 -3.221064497542449168e+00 0.000000000000000000e+00 -2.137639314894248964e+05 2.120000000000000107e+00 9.750488596597572943e-01 2.045038512411279541e+00 6.918253238713606423e-02 3.887739893660191228e+02 3.454569770621040334e+03
-6.712370405777464839e+03 3.295246175030441009e+03 0.000000000000000000e+00 1.595741958103396474e+00 -1.033893708838504466e+01 0.000000000000000000e+00 -6.150400835836085025e+05 2.129999999999999893e+00 1.120402950250786178e+00 3.003912023925288999e+00 2.146710080320653469e-01 7.761113130029480089e+02 1.076537979609131526e+03
4.645645180597858598e+03 -1.303099470575576743e+04 0.000000000000000000e+00 6.094180923324576504e+00 -2.432204166985634686e+00 0.000000000000000000e+00 -2.137639314894248964e+05 2.129999999999999893e+00 9.719195474808758339e-01 1.825748761649366614e+00 6.403327664033436895e-02 6.188790193084032580e+02 3.402565758927434672e+03
4.387016933922112003e+03 -1.100482000118806536e+04 0.000000000000000000e+00 5.939550856147183922e+00 -3.328341367443424126e+00 0.000000000000000000e+00 -4.800312847481822828e+05 2.149999999999999911e+00 1.082539637973630509e+00 1.902098573318093067e+00 1.614376577794966461e-01 4.259316173898178022e+02 2.172163024376789963e+03
1.052071690576180845e+04 -1.348009410117393054e+04 0.000000000000000000e+00 5.480342699153889718e+00 -2.242430391815645851e+00 0.000000000000000000e+00 -4.762810403360871132e+05 2.160000000000000142e+00 1.424643156491617102e+00 1.627749845029975440e+00 4.951054510559472210e-01 2.018279648852021637e+02 2.438804365282304843e+03
7.096688580751076643e+02 -7.853347168377177695e+03 0.000000000000000000e+00 6.173754271901069401e+00 -4.837411897265437410e+00 0.000000000000000000e+00 -5.662869062263711821e+05 2.160000000000000142e+00 1.137422518771200819e+00 2.217037333889759765e+00 2.098024366528128126e-01 3.377225390085968684e+02 1.258973635101927130e+03
6.325672494543290441e+02 -8.547865348361283395e+03 0.000000000000000000e+00 5.985331622180495081e+00 -4.733178218116480984e+00 0.000000000000000000e+00 -5.662869062263711821e+05 2.169999999999999929e+00 1.147707293552995722e+00 2.152581743108719969e+00 2.209060072830627552e-01 7.726056926233177364e+02 1.436183684531556764e+03
3.874615314863764979e+03 -1.193383178292363664e+04 0.000000000000000000e+00 6.296858373554425903e+00 -2.592098914010976252e+00 0.000000000000000000e+00 -2.287649091378056037e+05 2.180000000000000160e+00 1.487964427413554169e+00 1.898734779813431750e+00 5.487744361068599419e-01 2.636535905980408643e+02 2.942460036397708905e+02
7.598733252509829072e+03 -1.373429288643982363e+04 0.000000000000000000e+00 5.838993553218547738e+00 -1.964944848237394348e+00 0.000000000000000000e+00 -2.287649091378056037e+05 2.189999999999999947e+00 1.476215021636447133e+00 1.698864069082030248e+00 5.354889896348752343e-01 5.260455936008920617e+02 1.388951083101616746e+02
7.545915273154034367e+03 -1.597749377075891971e+04 0.000000000000000000e+00 5.476366609375981298e+00 -2.218714041553893956e+00 0.000000000000000000e+00 -1.950127094289490487e+05 2.189999999999999947e+00 1.126235284349722532e+00 1.620402201704536083e+00 1.884776694677339215e-01 7.399217225020374826e+02 3.245841991809764295e+03
3.870610561023457649e+03 -1.062159282388768588e+04 0.000000000000000000e+00 5.934133494467483949e+00 -3.584112894031775021e+00 0.000000000000000000e+00 -5.250342176933243172e+05 2.200000000000000178e+00 1.167776143653617593e+00 1.937871745981516014e+00 2.223795481521138317e-01 5.687049173170071299e+02 2.005688188317491040e+03
1.107666367752160659e+04 -1.525406265754181732e+04 0.000000000000000000e+00 5.462764565610289225e+00 -1.558692718103640740e+00 0.000000000000000000e+00 -2.287649091378056037e+05 2.200000000000000178e+00 1.464746061721348802e+00 1.549515831647451769e+00 5.225067947529392631e-01 7.953346725453820909e+02 1.337616969667180342e+02
-6.474481364945822861e+03 -1.196234408255931157e+03 0.000000000000000000e+00 4.810119269898981642e+00 -8.805565426690456832e+00 0.000000000000000000e+00 -4.912820179844677914e+05 2.229999999999999982e+00 1.189970539118550441e+00 2.872288574488940149e+00 2.290377657854200388e-01 5.876736975601834274e+02 1.020039985612130408e+03
1.064819697374492534e+04 -1.411801197827833494e+04 0.000000000000000000e+00 5.441732966952375961e+00 -2.035112254074980420e+00 0.000000000000000000e+00 -4.162771297425643425e+05 2.229999999999999982e+00 1.263479543337095778e+00 1.589006637653446852e+00 3.027546573605042757e-01 5.994159030619121040e+02 3.438510163542530790e+03
-3.667643324322448279e+03 -7.938603481768108395e+03 0.000000000000000000e+00 6.813764156762828428e+00 -5.069870780595895354e+00 0.000000000000000000e+00 -2.437658867861862818e+05 2.250000000000000000e+00 1.387910437530361030e+00 2.407079446007909240e+00 4.145255028975473599e-01 4.494252534358838602e+02 1.747304573200100322e+03
5.919470028862026084e+03 -1.191785326806553348e+04 0.000000000000000000e+00 6.015746442841058084e+00 -2.502795730790419171e+00 0.000000000000000000e+00 -3.487727303248511744e+05 2.260000000000000231e+00 1.006447107840867439e+00 1.805182356481965122e+00 2.639869457631065924e-02 3.479761214504287636e+02 6.731672281999317420e+03
9.513940975439918475e+02 -1.121787015785486437e+04 0.000000000000000000e+00 6.406178994343635580e+00 -3.295789723285697637e+00 0.000000000000000000e+00 -2.437658867861862818e+05 2.260000000000000231e+00 1.376319416274772278e+00 2.015979419840801867e+00 4.018469032434671129e-01 7.486933215148173986e+02 1.904649073811670632e+03
1.017830627880230713e+04 -1.425489667965036642e+04 0.000000000000000000e+00 5.507096759438006472e+00 -1.890951945415887181e+00 0.000000000000000000e+00 -3.487727303248511744e+05 2.270000000000000018e+00 1.469196597569524032e+00 1.590366500214075884e+00 4.898778044045257185e-01 7.762238021758503237e+02 1.294567110071290017e+03
9.392272295692129774e+03 -1.379124875922843421e+04 0.000000000000000000e+00 5.693278046145087146e+00 -1.775876461175377008e+00 0.000000000000000000e+00 -2.550166200224718486e+05 2.290000000000000036e+00 1.319509500107870492e+00 1.631656006492872457e+00 3.230059097605282314e-01 2.994934918765193288e+02 7.784184282057186692e+02
-9.392640594522163155e+03 -1.427258619063301467e+03 0.000000000000000000e+00 4.578306757499039925e+00 -9.317418697302954911e+00 0.000000000000000000e+00 -2.587668644345669891e+05 2.300000000000000266e+00 1.308016269965798228e+00 2.971520378349221225e+00 3.107743741362147816e-01 6.242060733472253560e+02 5.921667450318550436e+02
3.257647800694996477e+03 -1.132223984194959849e+04 0.000000000000000000e+00 6.325439027595004760e+00 -2.832763037852189303e+00 0.000000000000000000e+00 -2.700175976708524977e+05 2.319999999999999840e+00 1.260624209250829963e+00 1.928827824888768916e+00 2.476519111195073231e-01 2.523196526787842231e+02 6.287937251724359839e+02
7.811191653511882578e+03 -1.369342033035148779e+04 0.000000000000000000e+00 5.763000504537174606e+00 -2.027318275148849658e+00 0.000000000000000000e+00 -2.700175976708524977e+05 2.330000000000000071e+00 1.248926746539621879e+00 1.675055398393262784e+00 2.356484129461947352e-01 6.030266005354733352e+02 8.894635210444664608e+02
-6.386072190705874164e+03 -3.572965799604886797e+03 0.000000000000000000e+00 5.725920016482908714e+00 -7.553114032342590711e+00 0.000000000000000000e+00 -3.975259076820884366e+05 2.339999999999999858e+00 1.027905141861053195e+00 2.701216676411792861e+00 1.167279890006554625e-02 7.725687585820269305e+02 8.289876736300376479e+02
6.121795031120091153e+02 -9.837064686184025049e+03 0.000000000000000000e+00 6.595048505955920071e+00 -3.580280427836552981e+00 0.000000000000000000e+00 -2.850185753192331758e+05 2.339999999999999858e+00 1.211437985488933222e+00 2.103297148419784435e+00 1.874948254676230552e-01 2.210255615298756311e+02 1.233423629660339202e+03
-6.730908297481993941e+03 -3.148319904928914184e+03 0.000000000000000000e+00 5.739067805792111621e+00 -7.864839475810804004e+00 0.000000000000000000e+00 -3.750244412095174193e+05 2.350000000000000089e+00 1.050280472392550291e+00 2.777878561555898962e+00 2.593287401279156454e-02 5.659340832471452813e+02 1.417797977617504557e+03
5.543189835855633646e+03 -1.273070075626032303e+04 0.000000000000000000e+00 5.973514980528529250e+00 -2.416724930100681235e+00 0.000000000000000000e+00 -2.850185753192331758e+05 2.350000000000000089e+00 1.199745001504528785e+00 1.777777374074061889e+00 1.758358507781536129e-01 5.954853329453626429e+02 1.653247634618422580e+03
6.738426319140085980e+03 -1.275702160355467640e+04 0.000000000000000000e+00 5.824757023813178947e+00 -2.401592853647752435e+00 0.000000000000000000e+00 -3.525229747369463439e+05 2.359999999999999876e+00 1.070941826877988445e+00 1.733272690525425652e+00 4.127104501534770847e-02 5.589221903278621539e+02 1.971596803383968108e+03
4.275775333516894534e+03 -1.139718828290320926e+04 0.000000000000000000e+00 6.152504255940896449e+00 -2.800967515004505692e+00 0.000000000000000000e+00 -3.337717526764704380e+05 2.359999999999999876e+00 1.102138885930745493e+00 1.874833612518258974e+00 6.906932662845513549e-02 3.178021639837215844e+02 1.962797856776539220e+03
1.180090107057135356e+04 -1.424312389679669650e+04 0.000000000000000000e+00 5.442115715700797551e+00 -1.633489981362191701e+00 0.000000000000000000e+00 -3.150205306159946485e+05 2.359999999999999876e+00 1.131970429537489498e+00 1.539665221202975331e+00 9.870978720155407227e-02 3.024897333964609061e+02 1.976338082406427247e+03
6.812960438608277400e+03 -1.300427093050702570e+04 0.000000000000000000e+00 5.861631952527853073e+00 -2.244690615677582102e+00 0.000000000000000000e+00 -3.000195529676139122e+05 2.359999999999999876e+00 1.160683611787006297e+00 1.725459765740101403e+00 1.304481017225295469e-01 5.185328082614541927e+02 2.009734801378749125e+03
8.798719716269730270e+03 -1.397242077267380228e+04 0.000000000000000000e+00 5.598225096725218286e+00 -2.052105951492757541e+00 0.000000000000000000e+00 -3.337717526764704380e+05 2.370000000000000107e+00 1.090427492055470848e+00 1.627681127245277359e+00 5.817946462104107291e-02 7.523284834995483834e+02 1.505992402242781736e+03
-6.262091282112557565e+03 -4.966907027010611273e+03 0.000000000000000000e+00 6.203037874602503443e+00 -6.895931298344151195e+00 0.000000000000000000e+00 -3.187707750280897599e+05 2.370000000000000107e+00 1.120421479928325637e+00 2.638460884004154572e+00 8.769972028939267139e-02 7.208929553499710892e+02 1.537310556850059356e+03
-2.212465902020809153e+03 -9.642301623457045935e+03 0.000000000000000000e+00 6.493422404638487855e+00 -4.484366413525710193e+00 0.000000000000000000e+00 -2.250146647257104050e+05 2.390000000000000124e+00 1.297334096836534112e+00 2.218125898405962637e+00 2.485801041111485310e-01 3.257531540772006338e+02 3.474060065805723752e+03
-3.068959232282833455e+03 -8.600810263418114118e+03 0.000000000000000000e+00 6.573347404399216387e+00 -4.826416728620791297e+00 0.000000000000000000e+00 -2.625171088466621586e+05 2.410000000000000142e+00 1.068780802310281608e+00 2.297999704397116538e+00 1.354528783106950449e-02 6.137743187749574645e+02 7.521236533556607355e+03
9.819197432574270351e+03 -1.618932742985529694e+04 0.000000000000000000e+00 5.329905174852259009e+00 -1.934611588543227123e+00 0.000000000000000000e+00 -2.212644203136152646e+05 2.410000000000000142e+00 1.373432243671505626e+00 1.532168188121877606e+00 3.180350236364711813e-01 5.993377594229405076e+02 1.776011911406355694e+03
-3.219200889926431500e+03 -7.466757633865812750e+03 0.000000000000000000e+00 6.564967801817507720e+00 -5.212030173027076607e+00 0.000000000000000000e+00 -3.225210194401849294e+05 2.439999999999999947e+00 1.234739473802465293e+00 2.366021710176513970e+00 1.618083747557315100e-01 4.759887018116860418e+02 4.601236237920280473e+03
-9.066245414091350540e+03 3.798779958643217469e+02 0.000000000000000000e+00 3.676349439872296454e+00 -1.012547306912785672e+01 0.000000000000000000e+00 -3.187707750280897599e+05 2.459999999999999964e+00 1.188862344569324936e+00 3.082759534002998514e+00 1.022659906215651893e-01 2.534258531028926882e+02 1.302931094582408832e+03
-9.824770744691026266e+03 2.892926698883547942e+01 0.000000000000000000e+00 3.491454239251527980e+00 -9.801665350333799154e+00 0.000000000000000000e+00 -2.887688197313284036e+05 2.470000000000000195e+00 1.427121398473059299e+00 2.972519776893737919e+00 3.421649368918168732e-01 7.472129711504112493e+02 2.540297565014076099e+03
