0.2308 -0.1984 -0.2728 0.3172 -0.2184 0.2804 -0.2636 -0.226 -0.2148 0.2568 -0.2148 0.2124 -0.2584 0.2572 0.2984 -0.1904 -0.2392 -0.2072 0.2784 -0.276 -0.2576 -0.27 -0.2748 0.3304 -0.2148 0.2716 0.2624 0.324 -0.262 -0.2108 -0.248 -0.21 0.302 0.3 -0.2752 -0.1972 -0.2168 0.2872 -0.2648 -0.2444 -0.2092 -0.198 -0.2772 -0.2284 -0.274 -0.222 -0.2216 0.2476 0.3172 0.2556
0.106 -0.068 -0.0688 0.1272 -0.0224 -0.02 -0.0744 -0.0612 0.0104 0.0124 -0.0972 0.1944 -0.0708 0.1016 0.1208 -0.0344 -0.0368 -0.0056 0.058 -0.056 0.0444 0.012 -0.0016 0.1 0.0028 0.1232 0.0964 0.1228 -0.0896 -0.0496 -0.0244 0.022 0.1344 0.0516 -0.058 -0.0188 -0.0552 0.1196 -0.0484 0.014 -0.0448 -0.1024 -0.048 -0.0564 0.0172 -0.0684 -0.0472 0.1272 0.1388 0.2252
-0.841322 -0.863492 -0.0400242 -0.293652 -0.556735 -0.47497 -0.146963 -0.514912 -0.59345 -0.629999 -0.718872 -1.03396 -0.192675 -0.639718 -0.393212 -0.936432 -0.340178 -0.684968 -0.49195 0.0182568 -0.156725 0.00127497 0.0550685 -0.21338 -0.592108 -0.552492 -0.603195 -0.255925 -0.199263 -0.67278 -0.236868 -0.6562 -0.379177 -0.363398 0.00622828 -0.822548 -0.609361 -0.456823 -0.0872825 -0.268977 -0.686341 -0.952947 0.0441548 -0.481004 0.0417453 -0.571904 -0.543465 -0.714722 -0.299172 -0.710196
1 1 1 1 1 2 3 1 3 1 1 2 3 1 1 1 1 2 1 1 1 2 1 1 2 3 2 2 3 2 1 1 1 1 2 1 1 1 2 2 2 1 1 2 2 1 3 1 1 1
1 1 1 1 1 2 3 1 3 1 1 2 3 1 1 1 1 2 1 1 1 2 1 1 2 3 2 2 3 2 1 1 1 1 2 1 1 1 2 2 2 1 1 2 2 1 3 1 1 1
0.468985 0.346811 0.607966 0.669534 0.542168 0.904078 1.00821 0.485049 0.965993 0.522295 0.324907 0.708003 0.998347 0.705751 0.55122 0.355119 0.543762 0.694818 0.544491 0.572331 0.457117 0.981475 0.662034 0.695999 0.591122 0.88943 0.804287 0.816265 1.00489 0.675326 0.568635 0.399433 0.570663 0.55603 0.777182 0.37971 0.563775 0.55867 0.763636 0.63593 0.657029 0.326289 0.560382 0.642643 0.709628 0.380764 0.871241 0.500172 0.634519 0.700853
2 2 2 2 2 2 2 2 2 2 2 2 2 2 2 2 2 2 2 2 2 2 2 2 2 2 2 2 2 2 2 2 2 2 2 2 2 2 2 2 2 2 2 2 2 2 2 2 2 2
-10 -10 -10 -10 -10 -10 -10 -10 -10 -10 -10 -10 -10 -10 -10 -10 -10 -10 -10 -10 -10 -10 -10 -10 -10 -10 -10 -10 -10 -10 -10 -10 -10 -10 -10 -10 -10 -10 -10 -10 -10 -10 -10 -10 -10 -10 -10 -10 -10 -10
0.0224081 0.0275017 0.0696027 0.0571906 0.042146 0.0122602 0.00642917 0.0168079 0.0162011 0.0302876 0.0108304 0.0109067 0.00830753 0.0284201 0.0245025 0.0181767 0.0178378 0.035683 0.042735 0.0391462 0.0306494 0.00799846 0.0711466 0.0301754 0.0464987 0.0116723 0.0297217 0.0552886 0.00698429 0.00488585 0.0197789 0.0125952 0.0165774 0.0138981 0.0296164 0.0351881 0.0260636 0.021038 0.00821505 0.00715704 0.0372164 0.00922346 0.0134137 0.0169159 0.0271494 0.0169301 0.0256647 0.0198237 0.0742182 0.0757434
0.0224081 0.0275017 0.0696027 0.0571906 0.042146 0.0122602 0.0137171 0.0168079 0.0589428 0.0302876 0.0108304 0.0109067 0.00830753 0.0284201 0.0245025 0.0181767 0.0178378 0.0539286 0.0443357 0.0391462 0.0306494 0.0652066 0.0711466 0.0301754 0.0603242 0.0195108 0.0297217 0.0720324 0.01255 0.0336061 0.0197789 0.0125952 0.026786 0.0490707 0.079876 0.0351881 0.0260636 0.021038 0.0173999 0.0508081 0.0373019 0.00922346 0.0134137 0.0169159 0.0783455 0.0169301 0.0256647 0.0198237 0.0742182 0.0757434
3.94758 0.537415 2.1814 0.604509 3.15198 0.608383 0.613059 0.566064 2.54012 3.47988 0.551468 0.602719 0.615422 2.165 0.569736 0.57273 2.76555 0.550941 0.546557 0.543023 0.555615 0.613699 2.17519 3.2026 3.55149 0.587755 3.12148 0.52711 0.619643 0.60142 2.22888 0.584077 0.585696 0.585698 2.92582 0.539194 0.621842 0.547026 6.4072 2.42116 0.548333 0.580331 0.583546 0.563904 2.82204 0.512005 2.90926 6.21323 0.619572 0.598396
0.676865 0.469497 0.391225 0.260055 0.591976 0.246893 0.228966 0.385504 0.487557 0.632107 0.428523 0.267446 0.219722 0.385656 0.37426 0.364934 0.531569 0.430192 0.443056 0.45329 0.416413 0.226614 0.391462 0.599019 0.639467 0.317745 0.588101 0.499217 0.202178 0.271713 0.406837 0.329506 0.324502 0.324433 0.559116 0.464373 0.192928 0.441727 0.802173 0.460679 0.437828 0.341227 0.33123 0.391758 0.541982 0.542345 0.556502 0.795738 0.202767 0.282625
4.02764 0.543634 0.622416 2.15841 0.547399 4.97119 0.617751 0.577525 0.524505 5.43881 0.578176 3.29414 0.612662 3.1099 2.32778 0.515756 0.579213 0.524471 3.22534 0.620393 0.544638 0.578738 0.592101 2.19616 0.52868 2.60688 3.056 2.13567 0.620678 0.552855 0.581016 0.513706 2.22872 2.87493 0.620545 0.518451 0.563507 2.4431 0.608929 0.552825 0.548204 0.554723 0.618237 0.577909 0.578831 0.576198 0.565249 3.00799 2.11257 2.24756
0.683418 0.451473 0.190311 0.383855 0.4406 0.743892 0.210209 0.350169 0.506698 0.766271 0.347996 0.611377 0.230567 0.586572 0.435206 0.531623 0.344997 0.506774 0.601631 0.19927 0.448767 0.346651 0.303806 0.395703 0.494734 0.501625 0.578883 0.375943 0.19769 0.424563 0.339388 0.537521 0.406692 0.550406 0.198599 0.523955 0.392941 0.464905 0.244904 0.424795 0.438204 0.418929 0.208439 0.34899 0.34638 0.354262 0.387734 0.572122 0.368141 0.414199
0.2
